1 0.03896911802887404 388 -205 1084 875
1 0.024764972229701643 388 -205 1084 875
1 0.03895504642636949 388 -205 1084 875
2 0.04386655601393841 624 198 846 465
2 0.019443332623874543 624 198 846 465
2 0.030600723528114937 624 198 846 465
2 0.037602246480485046 923 205 1125 467
2 0.015942644456458543 923 205 1125 467
2 0.031551587367637524 923 205 1125 467
1 0.03136595543755316 232 709 622 1245
1 0.025214899665297885 232 709 622 1245
1 0.02256944909541403 232 709 622 1245
2 0.03857492325765044 1206 210 1438 453
2 0.013134442137907598 1206 210 1438 453
2 0.02376129076098188 1206 210 1438 453
2 0.04345768700242125 628 426 829 678
2 0.0131206163150277 628 426 829 678
2 0.018571222393462872 628 426 829 678
3 0.03267069010089729 1449 49 1821 619
3 0.018624381775427246 1449 49 1821 619
3 0.018223065428569107 1449 49 1821 619
2 0.03944876774544248 337 412 546 673
2 0.011887137864188824 337 412 546 673
2 0.014934587361312146 337 412 546 673
2 0.03655526866943237 935 425 1125 685
2 0.011174930392472415 935 425 1125 685
2 0.016522551938402685 935 425 1125 685
2 0.029330270416660698 335 198 531 461
2 0.014605141748834982 335 198 531 461
2 0.018341730734264372 335 198 531 461
2 0.035099285984091066 647 645 836 913
2 0.008547461756686192 647 645 836 913
2 0.011297107292384145 647 645 836 913
2 0.022988505575861407 332 1289 551 1557
2 0.015521544494124018 332 1289 551 1557
2 0.012752936608838195 332 1289 551 1557
2 0.01726488795418868 1232 -18 1412 239
2 0.009854111721220915 1232 -18 1412 239
2 0.014178722317057413 1232 -18 1412 239
2 0.01913753320174183 934 -19 1123 239
2 0.007880011425344668 934 -19 1123 239
2 0.013528624927526822 934 -19 1123 239
2 0.022640153978112476 1205 437 1452 671
2 0.005215124270464444 1205 437 1452 671
2 0.011647900653346088 1205 437 1452 671
2 0.028465793767902037 601 865 829 1130
2 0.006338542779130596 601 865 829 1130
2 0.01484622394625823 1781 206 2004 438
2 0.00945902797313769 1781 206 2004 438
2 0.01215746328691203 1781 206 2004 438
1 0.014874115971821311 10 931 305 1489
1 0.010797881110988783 10 931 305 1489
1 0.010779818389679008 10 931 305 1489
2 0.014024072432194945 629 -23 836 238
2 0.008587289587810742 629 -23 836 238
2 0.009890816082726017 629 -23 836 238
2 0.02126316285406782 891 652 1149 921
2 0.00539915989429951 891 652 1149 921
2 0.012427621096215535 66 608 243 905
2 0.007441780758643324 66 608 243 905
2 0.009979695722610149 66 608 243 905
2 0.012751729696650838 621 1281 818 1594
2 0.009835997203596736 621 1281 818 1594
2 0.005508305334660513 621 1281 818 1594
2 0.010418542760768645 1801 443 2030 654
2 0.006144072894841285 1801 443 2030 654
2 0.00847043064809233 1801 443 2030 654
2 0.010120757108967093 341 -16 546 239
2 0.007419690950381752 341 -16 546 239
2 0.007869431667736126 1790 -24 1990 225
2 0.007554324746862573 1790 -24 1990 225
2 0.007526628480406805 -104 -160 366 817
2 0.0055791735461949155 -104 -160 366 817
2 0.007047398227242541 -104 -160 366 817
2 0.009217329647460692 1788 656 2036 893
2 0.005746568036076316 1788 656 2036 893
2 0.010422853900456941 886 889 1141 1113
2 0.008535795379260358 1169 698 1432 861
2 0.0073717842649762 1460 599 1763 913
2 0.005754481099363162 883 1301 1095 1579
2 0.005178958186086158 1819 1314 1990 1551
2 0.006280599517901608 1146 895 1416 1113
2 0.00539108034012753 1460 865 1717 1081
