3 0.04398126544132808 852 3 1206 655
3 0.029462055619092098 852 3 1206 655
3 0.029990171821637546 852 3 1206 655
2 0.03950560288092131 629 184 826 474
2 0.015884799785876202 629 184 826 474
2 0.028390525530989752 629 184 826 474
2 0.04385085744549855 627 434 821 695
2 0.015029019027027246 627 434 821 695
2 0.021061336658425134 627 434 821 695
1 0.02915150866307492 79 40 803 1054
1 0.0233416136280562 79 40 803 1054
1 0.025841104913191693 79 40 803 1054
2 0.041259256138875156 338 869 539 1128
2 0.015664079979727297 338 869 539 1128
2 0.0204165876008644 338 869 539 1128
2 0.027437126340333684 1274 -208 1955 869
2 0.02692668106340168 1274 -208 1955 869
2 0.021968970334835802 1274 -208 1955 869
2 0.043077938914558356 335 428 563 698
2 0.015018340191541912 335 428 563 698
2 0.016880992152730756 335 428 563 698
2 0.03530520805663784 1217 196 1399 456
2 0.010988917698884215 1217 196 1399 456
2 0.024179007712016087 1217 196 1399 456
2 0.026310970452822602 1514 210 1712 457
2 0.014992448511645051 1514 210 1712 457
2 0.024022767016751878 1514 210 1712 457
2 0.03169751825025635 349 654 544 903
2 0.013945683506619844 349 654 544 903
2 0.01807127078390547 349 654 544 903
2 0.03312310005825725 644 656 838 893
2 0.011271662063057575 644 656 838 893
2 0.015702042826788665 644 656 838 893
2 0.028519897568375918 336 196 539 458
2 0.013647293759805612 336 196 539 458
2 0.015059428747921655 336 196 539 458
2 0.034597784141713106 1213 431 1433 664
2 0.009739161047329414 1213 431 1433 664
2 0.011481417171602892 1213 431 1433 664
2 0.039170394904181505 593 850 855 1143
2 0.007711591117773586 593 850 855 1143
2 0.007666290329385761 593 850 855 1143
2 0.02130493234193398 1500 442 1706 656
2 0.006792336597017112 1500 442 1706 656
2 0.016178466294411442 1500 442 1706 656
2 0.020674489071589308 40 850 255 1137
2 0.009919214487608241 40 850 255 1137
2 0.011544391130109188 40 850 255 1137
2 0.014771136783999883 1799 440 2006 677
2 0.00965143044813277 1799 440 2006 677
2 0.012179529080980411 1799 440 2006 677
2 0.014419767193429855 1218 -30 1419 238
2 0.00882092190503947 1218 -30 1419 238
2 0.013011599831580511 1218 -30 1419 238
2 0.015488805314257892 329 1277 549 1562
2 0.010947606492359707 329 1277 549 1562
2 0.009308298884813215 329 1277 549 1562
2 0.015217529590917378 58 617 248 905
2 0.00877375055668872 58 617 248 905
2 0.01050055045443865 58 617 248 905
2 0.022942938244190803 881 663 1137 911
2 0.006719375660649118 881 663 1137 911
2 0.013848252727831856 645 -22 840 227
2 0.008313952893995613 645 -22 840 227
2 0.010664042934548035 645 -22 840 227
2 0.011929577216607257 1508 -34 1721 246
2 0.006491101884249062 1508 -34 1721 246
2 0.010747389392507856 1508 -34 1721 246
2 0.020139321738474436 1192 656 1440 877
2 0.005134273332936812 1192 656 1440 877
2 0.012555624739435833 1791 201 2000 437
2 0.006459259837617637 1791 201 2000 437
2 0.008760576070020454 1791 201 2000 437
2 0.014612141458956285 601 1294 822 1573
2 0.00732901525887103 601 1294 822 1573
2 0.005492233897558152 601 1294 822 1573
2 0.01195411836565019 46 202 248 481
2 0.00650697226630359 46 202 248 481
2 0.008203616109757894 46 202 248 481
2 0.011204737034838708 330 -19 548 234
2 0.006228376272419567 330 -19 548 234
2 0.007540903539516641 330 -19 548 234
2 0.013075004722298278 1467 640 1744 904
2 0.006639123943397718 1467 640 1744 904
2 0.0100046544368948 1771 654 2020 887
2 0.00529359373820304 1771 654 2020 887
2 0.006343834554365824 1771 654 2020 887
2 0.015694511877545114 889 1044 1115 1374
2 0.00917329760243557 1788 890 2016 1088
1 0.007854457227356337 -152 922 478 1931
1 0.005001020818539148 -152 922 478 1931
1 0.005044121413859903 -152 922 478 1931
2 0.006949070276102143 1791 -23 2002 228
2 0.005925770294597732 1791 -23 2002 228
2 0.006279224203874778 29 1293 234 1568
2 0.008443459706836798 1807 1324 2007 1557
2 0.00540588845995571 1556 946 2242 1890
2 0.00533460761800697 49 -23 248 239
2 0.008123939418538173 1786 1092 2008 1339
2 0.009668795338257874 1189 1093 1414 1303
2 0.006886825425321708 1155 1311 1435 1541
2 0.005990377779138689 1483 1313 1713 1517
2 0.008221946961909643 1483 1088 1712 1349
2 0.0052628176964224505 447 722 1572 2159
