1 0.036369223690347674 156 -198 742 860
1 0.028912645294242978 156 -198 742 860
1 0.03285266943552223 156 -198 742 860
2 0.04880235682584555 642 198 835 474
2 0.016018326615892642 642 198 835 474
2 0.025274969345713938 642 198 835 474
2 0.0461044034544571 351 211 552 463
2 0.01928996050218068 351 211 552 463
2 0.022999899257149625 351 211 552 463
2 0.04679018082380004 950 214 1114 469
2 0.014283158584477817 950 214 1114 469
2 0.026195574142759526 950 214 1114 469
2 0.04112447302264677 1223 196 1404 477
2 0.017469901922395614 1223 196 1404 477
2 0.024089933345439185 1223 196 1404 477
2 0.029352247529972342 1510 201 1720 454
2 0.015154715205112801 1510 201 1720 454
2 0.02747537628945862 1510 201 1720 454
2 0.047001005232414794 647 645 843 920
2 0.010718504773695847 647 645 843 920
2 0.013912333490207263 647 645 843 920
2 0.04121409279376698 328 1070 543 1348
2 0.013070500587684442 328 1070 543 1348
2 0.012936250946952055 328 1070 543 1348
1 0.026628555085324024 1006 -177 1624 859
1 0.01722222504019877 1006 -177 1624 859
1 0.022382424663436318 1006 -177 1624 859
2 0.033731085973648156 364 657 538 887
2 0.01272692728857372 364 657 538 887
2 0.01932997265868419 364 657 538 887
2 0.03994940058989327 911 422 1135 694
2 0.00964268880427277 911 422 1135 694
2 0.013577594906833634 911 422 1135 694
2 0.03641318673406779 631 428 829 692
2 0.007911041723048795 631 428 829 692
2 0.01122603221931917 631 428 829 692
2 0.029240087684693883 1491 441 1712 684
2 0.007730500096545911 1491 441 1712 684
2 0.014877229139883208 1491 441 1712 684
2 0.031138073116939058 608 1020 848 1389
2 0.00699655322650361 608 1020 848 1389
2 0.0057570288382786106 608 1020 848 1389
1 0.01586606159080295 109 863 752 1972
1 0.01453824322485009 109 863 752 1972
1 0.013279443876621055 109 863 752 1972
2 0.01632097089745488 65 618 268 930
2 0.008467404595466077 65 618 268 930
2 0.013396352411507162 65 618 268 930
2 0.015072239991798186 1794 445 2027 657
2 0.009604796102374191 1794 445 2027 657
2 0.013340769571559052 1794 445 2027 657
1 0.016710731548879698 1572 -197 2256 865
1 0.006890245905776582 1572 -197 2256 865
1 0.014298611879790313 1572 -197 2256 865
2 0.016513009525632283 44 1072 271 1336
2 0.00907609454389019 44 1072 271 1336
2 0.01101861161751827 44 1072 271 1336
2 0.01753399257756416 940 -35 1131 256
2 0.006714262920350378 940 -35 1131 256
2 0.011900134550154595 940 -35 1131 256
2 0.013375384542033242 1803 191 2016 442
2 0.009288428292084427 1803 191 2016 442
2 0.01257234254254569 1803 191 2016 442
2 0.016726375381716285 628 -16 842 223
2 0.007014833003875898 628 -16 842 223
2 0.010483157030940049 628 -16 842 223
2 0.020425120677948883 1234 432 1441 679
2 0.008268976598990285 1234 432 1441 679
2 0.014516427361939588 35 181 258 473
2 0.007693081617489772 35 181 258 473
2 0.009630074564103475 35 181 258 473
2 0.012438299030536615 1792 639 2029 893
2 0.005756091233110605 1792 639 2029 893
2 0.008509636122494557 1792 639 2029 893
2 0.011653798555695316 334 -31 538 241
2 0.007054128121606051 334 -31 538 241
2 0.00798701745109276 334 -31 538 241
2 0.010504598935150655 1512 -24 1697 241
2 0.006406943467424764 1512 -24 1697 241
2 0.009014976782729223 1512 -24 1697 241
1 0.008761893864843606 38 1283 257 1581
1 0.008007310914934673 38 1283 257 1581
1 0.007386572887856713 38 1283 257 1581
2 0.016871941126975876 888 662 1120 911
2 0.01244703581929718 1178 645 1427 871
3 0.005733988565506942 1814 -18 1999 234
3 0.005661986579136524 1814 -18 1999 234
2 0.009027648888217277 880 1288 1120 1558
2 0.010516751583554473 899 868 1153 1122
2 0.00669063469350939 1759 872 2013 1112
2 0.006496914691562827 1807 1316 1987 1550
2 0.009680486307261926 1159 871 1463 1115
2 0.006053566502719321 1785 1103 2043 1344
2 0.008216895264671342 831 1065 1180 1347
2 0.007383362104664948 1454 864 1771 1092
2 0.00530362059920636 1474 1080 1755 1356
