2 0.048111417138946067 636 193 844 465
2 0.014659243776801167 636 193 844 465
2 0.026692914425602954 636 193 844 465
2 0.05053480621002082 333 399 540 685
2 0.01817044871911011 333 399 540 685
2 0.018910661019258757 333 399 540 685
2 0.04331659131182297 930 188 1129 482
2 0.0134932926927529 930 188 1129 482
2 0.02186074201971122 930 188 1129 482
2 0.026936155261921613 -36 -121 927 1216
2 0.022339376340161365 -36 -121 927 1216
2 0.024549976754011382 -36 -121 927 1216
3 0.030917766717627693 1130 29 1505 642
3 0.020549721530692455 1130 29 1505 642
3 0.018120232098496558 1130 29 1505 642
2 0.0342545233388436 330 1072 546 1346
2 0.014827743610820399 330 1072 546 1346
2 0.013615356897867081 330 1072 546 1346
2 0.03569819364594684 635 443 829 683
2 0.009245992493926103 635 443 829 683
2 0.013052331905842762 635 443 829 683
2 0.02766663494199806 348 665 543 901
2 0.012574253238687438 348 665 543 901
2 0.01461461332637315 348 665 543 901
3 0.020817397178891195 1502 203 1702 462
3 0.008410614510630188 1502 203 1702 462
3 0.019170260234710135 1502 203 1702 462
2 0.022664862677504116 940 5 1144 226
2 0.008141112340854462 940 5 1144 226
2 0.01613665180322066 940 5 1144 226
2 0.01845818149531908 1505 -22 1719 237
2 0.011572445157391087 1505 -22 1719 237
2 0.016529897853843067 1505 -22 1719 237
2 0.01900325591820895 622 -23 863 241
2 0.009346485938968474 622 -23 863 241
2 0.013354763203368591 622 -23 863 241
3 0.019665325710508164 1712 70 2080 612
3 0.009097143246295403 1712 70 2080 612
3 0.011672754609632463 1712 70 2080 612
2 0.027463599065171707 898 429 1154 670
2 0.007495709714850918 898 429 1154 670
2 0.016333056216734976 41 843 251 1126
2 0.009904248809836536 41 843 251 1126
2 0.011502162973943797 41 843 251 1126
2 0.01639699381047921 42 393 252 688
2 0.009616794542717133 42 393 252 688
2 0.010337493796356956 42 393 252 688
2 0.029887785256516697 595 855 820 1136
2 0.011307458068789356 358 -13 547 238
2 0.007315646943350573 358 -13 547 238
1 0.009574130917689327 -153 868 454 1998
1 0.005486112755043182 -153 868 454 1998
1 0.005902275285270875 -153 868 454 1998
2 0.010160479487095753 1474 429 1739 656
2 0.006461534704153449 1474 429 1739 656
1 0.006304181118815477 36 1296 242 1573
1 0.005525166503278389 36 1296 242 1573
1 0.005946288544240286 36 1296 242 1573
2 0.009139910015376174 627 1291 835 1580
2 0.005210767935061034 627 1291 835 1580
2 0.005864974878695806 34 -26 255 250
2 0.006615588586898868 1770 655 2067 877
2 0.009755465441644962 917 647 1135 910
2 0.005281706262375008 1472 630 1757 916
