2 0.051777590223287095 331 866 547 1114
2 0.022726594141815104 331 866 547 1114
2 0.02954871255334046 331 866 547 1114
2 0.048725249033623186 927 198 1137 482
2 0.01782612648975146 927 198 1137 482
2 0.03065378362802562 927 198 1137 482
2 0.04287876974379756 1195 195 1421 448
2 0.015051210091420408 1195 195 1421 448
2 0.03251486810618065 1195 195 1421 448
2 0.045002050845724284 355 203 534 466
2 0.020416902058634445 355 203 534 466
2 0.023651103800220286 355 203 534 466
2 0.043090324659432966 641 434 820 677
2 0.01883872298928191 641 434 820 677
2 0.023289071363514324 641 434 820 677
3 0.03013613469572629 115 -214 786 865
3 0.027156033394575285 115 -214 786 865
3 0.027730954489246784 115 -214 786 865
3 0.027486531356336608 754 -264 1292 926
3 0.026421221444610676 754 -264 1292 926
3 0.02411665923572226 754 -264 1292 926
2 0.040505433543292835 631 216 844 454
2 0.011598123584608988 631 216 844 454
2 0.021386491026990084 631 216 844 454
2 0.02704440702683053 1503 185 1715 445
2 0.016196811809308542 1503 185 1715 445
2 0.026124001512851436 1503 185 1715 445
1 0.029082958051581675 1291 -233 1947 904
1 0.016227159727463247 1291 -233 1947 904
1 0.02063281786653537 1291 -233 1947 904
2 0.03140005254716538 1495 434 1723 675
2 0.010871952751802638 1495 434 1723 675
2 0.018999496442694497 1495 434 1723 675
2 0.034716856805141916 615 643 842 901
2 0.009639166560089008 615 643 842 901
2 0.01390547457546587 615 643 842 901
2 0.027692074325065263 363 662 550 889
2 0.014515899549771838 363 662 550 889
2 0.014586459218399739 363 662 550 889
2 0.02422999888092303 628 -35 840 231
2 0.014848312938239294 628 -35 840 231
2 0.016094598876298383 628 -35 840 231
2 0.03547891637144773 601 860 857 1118
2 0.007687054493060563 601 860 857 1118
2 0.007342339796459207 601 860 857 1118
2 0.02144851137656323 1226 -30 1406 242
2 0.011778978519271455 1226 -30 1406 242
2 0.01652211397915848 1226 -30 1406 242
2 0.028396961540838594 1223 410 1421 684
2 0.0059278513712787695 1223 410 1421 684
2 0.011808703643915286 1223 410 1421 684
2 0.01636822793666104 163 742 731 1691
2 0.016205635015692277 163 742 731 1691
2 0.013152575169058434 163 742 731 1691
2 0.019904095341907513 922 -35 1125 226
2 0.009437363166715895 922 -35 1125 226
2 0.015435757742099376 922 -35 1125 226
2 0.016409545808387493 1781 205 2010 449
2 0.009877829053908549 1781 205 2010 449
2 0.013263416195695266 1781 205 2010 449
2 0.016987679206374895 47 192 255 466
2 0.009032736826670384 47 192 255 466
2 0.011719043392165673 47 192 255 466
2 0.02570730339797489 621 1074 807 1351
2 0.006017500082021732 621 1074 807 1351
2 0.015164941728351256 33 1080 262 1335
2 0.00881486109663765 33 1080 262 1335
2 0.010367536615972561 33 1080 262 1335
2 0.01469859212766167 1782 446 2048 647
2 0.00867462840668376 1782 446 2048 647
2 0.010328837325017437 1782 446 2048 647
2 0.01526992257666171 343 -48 551 242
2 0.007004609944089024 343 -48 551 242
2 0.011214411153084303 343 -48 551 242
2 0.015715071775719514 316 1297 522 1538
2 0.009184221845243146 316 1297 522 1538
2 0.008374350132755337 316 1297 522 1538
2 0.02106615783250998 918 661 1135 878
2 0.006256930521674198 918 661 1135 878
2 0.01197842885566025 -8 486 279 1055
2 0.009393424631997327 -8 486 279 1055
2 0.010764970494342774 -8 486 279 1055
2 0.010127628018240242 1805 654 2010 894
2 0.00796461671842108 1805 654 2010 894
2 0.007814644566602302 19 1291 251 1577
2 0.007122486949308282 19 1291 251 1577
2 0.006864749326480624 19 1291 251 1577
2 0.01689352902921304 878 864 1167 1116
2 0.0075407972550172175 1802 -26 2001 234
2 0.005709283135760579 1802 -26 2001 234
2 0.007848344249622496 916 1292 1114 1603
2 0.0077053076226338835 1773 868 2003 1110
2 0.011017984959726945 1451 845 1756 1104
2 0.011349460614473728 1135 883 1451 1106
2 0.009565764068721061 1203 674 1432 879
2 0.006279095541550372 1800 1303 1993 1542
2 0.008029005406083645 892 1090 1123 1341
2 0.0056747771214029075 1802 1079 2002 1335
2 0.006545744314137514 1181 1309 1430 1533
2 0.005145940042090846 1200 1077 1403 1297
