2 0.05488738197342968 617 404 813 693
2 0.021407009419924794 617 404 813 693
2 0.029252366185495315 617 404 813 693
2 0.05150855507906904 365 415 539 675
2 0.02011815734870237 365 415 539 675
2 0.022688686971169325 365 415 539 675
2 0.04908286720531896 304 1069 547 1346
2 0.019343027945278313 304 1069 547 1346
2 0.023111529645289952 304 1069 547 1346
1 0.03024567494980257 150 -272 752 913
1 0.027631957627211934 150 -272 752 913
1 0.026438938947230817 150 -272 752 913
2 0.04483836257360885 915 221 1122 467
2 0.01376578135791362 915 221 1122 467
2 0.021442116128046695 915 221 1122 467
1 0.03240072041078079 732 -190 1344 858
1 0.018100070388082035 732 -190 1344 858
1 0.024372172331611264 732 -190 1344 858
2 0.031023932363027917 1483 200 1721 456
2 0.0135996668713112 1483 200 1721 456
2 0.025969683346036554 1483 200 1721 456
2 0.036866751059114744 1191 204 1418 427
2 0.010016256016485148 1191 204 1418 427
2 0.017216312203593986 1191 204 1418 427
2 0.03014266134434318 351 645 549 897
2 0.011175964539161143 351 645 549 897
2 0.011322790378841652 351 645 549 897
2 0.022125026724300056 326 1301 535 1550
2 0.016124577486369418 326 1301 535 1550
2 0.013173408999627156 326 1301 535 1550
2 0.030807632317457756 1198 425 1424 683
2 0.006458886289037458 1198 425 1424 683
2 0.0135373863379884 1198 425 1424 683
2 0.021599856938443796 58 395 263 683
2 0.011452270107503604 58 395 263 683
2 0.014654152857702885 58 395 263 683
1 0.02087385581720369 1592 -219 2241 879
1 0.012048336973359941 1592 -219 2241 879
1 0.013851011320690665 1592 -219 2241 879
2 0.02584362167847898 1495 428 1729 677
2 0.006725474516132923 1495 428 1729 677
2 0.014150597845200563 1495 428 1729 677
2 0.01652040577213021 -10 905 295 1520
2 0.014143342795799874 -10 905 295 1520
2 0.015317419194418869 -10 905 295 1520
2 0.01780725969412522 927 -37 1111 254
2 0.00947750309547335 927 -37 1111 254
2 0.01627604565021601 927 -37 1111 254
2 0.029758563513169634 619 844 854 1134
2 0.005894013554471389 619 844 854 1134
2 0.00785473070022702 619 844 854 1134
2 0.01453151240895334 1779 212 2022 443
2 0.011245166556628217 1779 212 2022 443
2 0.012972222371803621 1779 212 2022 443
2 0.01394865203794593 1784 445 2027 665
2 0.010624287522770004 1784 445 2027 665
2 0.0112631450484324 1784 445 2027 665
2 0.01592768762957364 597 -24 847 225
2 0.008333366983205193 597 -24 847 225
2 0.011070422919949974 597 -24 847 225
2 0.022754246147504986 916 662 1150 879
2 0.006362812205340518 916 662 1150 879
1 0.011746401029055775 410 667 1076 1768
1 0.011585633992422517 410 667 1076 1768
1 0.010343266798561457 410 667 1076 1768
2 0.015233928657905516 627 1290 837 1550
2 0.007296452335463055 627 1290 837 1550
2 0.0053995761303294865 627 1290 837 1550
2 0.01139761531889033 338 -20 560 237
2 0.005123947903168197 338 -20 560 237
2 0.008066849551032595 338 -20 560 237
2 0.012499950085932077 1781 664 2052 886
2 0.00611135352553871 1781 664 2052 886
2 0.010121924128007886 1504 -30 1699 232
2 0.005462024267610943 1504 -30 1699 232
2 0.007769421510925856 1504 -30 1699 232
2 0.008014672772454157 1780 859 2000 1098
2 0.005436442039271627 1780 859 2000 1098
2 0.005059771276612279 1780 859 2000 1098
2 0.007168352506408127 1786 -27 1996 239
2 0.0058502378253777465 1786 -27 1996 239
2 0.01164900764052823 905 896 1164 1097
2 0.006590546923624513 52 -18 261 242
1 0.00522377757057324 1552 885 2257 1977
2 0.010771501778898074 1199 669 1444 859
2 0.007082180217017342 1786 1325 2006 1554
2 0.009115589681226277 1441 639 1757 911
2 0.009378268861193417 887 1086 1121 1322
2 0.007413127127902375 914 1286 1112 1572
2 0.009668268965108417 1132 886 1445 1111
2 0.005541884918381701 1804 1088 2004 1335
2 0.006286956679786959 1189 1299 1421 1531
2 0.005006235259977371 1503 1285 1698 1551
