3 0.03869561873060445 443 -138 1027 818
3 0.033051103550505 443 -138 1027 818
3 0.029833747123377163 443 -138 1027 818
2 0.04705316648136826 626 197 836 456
2 0.020649280439489992 626 197 836 456
2 0.022044161071990365 626 197 836 456
3 0.038224668455024924 1421 59 1815 633
3 0.016906646614817333 1421 59 1815 633
3 0.022600663986276137 1421 59 1815 633
2 0.03348373642193114 335 629 564 908
2 0.015050124200886583 335 629 564 908
2 0.023716858995266543 335 629 564 908
2 0.03352440709240412 928 203 1115 462
2 0.009007593060585073 928 203 1115 462
2 0.02445660212762757 928 203 1115 462
2 0.0297588483373874 315 1062 539 1344
2 0.012717817008114807 315 1062 539 1344
2 0.017267223330664327 315 1062 539 1344
2 0.03716393035718224 915 428 1132 712
2 0.00846216292564328 915 428 1132 712
2 0.013282195908548289 915 428 1132 712
2 0.03120503317343193 1201 211 1430 466
2 0.009995785942075841 1201 211 1430 466
2 0.017185178895127606 1201 211 1430 466
2 0.04197159082581825 607 861 852 1116
2 0.006243705029436164 607 861 852 1116
2 0.008810279991941394 607 861 852 1116
2 0.02511104952288301 321 1297 548 1564
2 0.014616482224824257 321 1297 548 1564
2 0.014346146330755705 321 1297 548 1564
2 0.027649532459374626 343 398 555 673
2 0.00938689162448303 343 398 555 673
2 0.014158345751848156 343 398 555 673
2 0.02867410664672576 648 629 841 913
2 0.008112015561772878 648 629 841 913
2 0.013149577044817562 648 629 841 913
1 0.014608230712092607 -187 459 486 1509
1 0.013599562882991578 -187 459 486 1509
1 0.013076598693708141 -187 459 486 1509
2 0.02414390966857649 1206 460 1435 664
2 0.006320385007458518 1206 460 1435 664
2 0.010585419843797794 1206 460 1435 664
2 0.01622368199572133 52 847 250 1114
2 0.009826097286689928 52 847 250 1114
2 0.011744629301063125 52 847 250 1114
2 0.015267639764707575 49 623 231 886
2 0.006855386993415924 49 623 231 886
2 0.012406905599693374 49 623 231 886
2 0.015226341015701639 619 1291 821 1566
2 0.010553282862036495 619 1291 821 1566
2 0.007881033324555475 619 1291 821 1566
2 0.015144066803559175 1216 -28 1402 236
2 0.006670577814293643 1216 -28 1402 236
2 0.011590155925264689 1216 -28 1402 236
2 0.015893786816865596 937 -10 1133 223
2 0.007306544415027649 937 -10 1133 223
2 0.009824418925928669 937 -10 1133 223
2 0.016211027028617764 637 -31 826 224
2 0.00686468935937512 637 -31 826 224
2 0.009571415999062083 637 -31 826 224
2 0.012324516433191324 1799 434 2017 676
2 0.007942626243393813 1799 434 2017 676
2 0.011009764163116165 1799 434 2017 676
3 0.012589915388940831 1797 204 1993 447
3 0.007388332432520128 1797 204 1993 447
3 0.011220029783144625 1797 204 1993 447
1 0.010275088630777585 409 852 1071 1993
1 0.009206870498711384 409 852 1071 1993
1 0.00880937535677695 409 852 1071 1993
3 0.007739589701085514 -21 67 354 598
3 0.006680745659439158 -21 67 354 598
3 0.007429410524013025 -21 67 354 598
2 0.010118681666595741 353 -7 552 234
2 0.005023315004248768 353 -7 552 234
2 0.005835465352316271 353 -7 552 234
2 0.009264047797022057 1781 664 2023 871
2 0.006654539368939227 1781 664 2023 871
2 0.014554260331447466 901 888 1139 1107
2 0.006782541007300802 1812 -18 1996 220
2 0.005946281784473539 1812 -18 1996 220
2 0.011038342267317924 1461 651 1763 896
2 0.005148414382869226 31 1289 248 1560
2 0.009142595266111164 1188 675 1437 867
2 0.0069792038259476885 1775 896 2016 1103
2 0.008125122653923178 906 1300 1109 1562
2 0.009590256150936172 1145 861 1431 1107
2 0.009000641929648223 869 1062 1140 1339
2 0.007775073046322523 1451 850 1725 1105
2 0.005248105107126699 1819 1329 1998 1549
2 0.006439380303838088 1479 1091 1741 1358
2 0.0052275058539579256 1174 1073 1391 1311
