2 0.05553320918729199 645 413 829 694
2 0.020363523656121707 645 413 829 694
2 0.026868800567061868 645 413 829 694
2 0.04947696756448483 344 877 548 1119
2 0.01956751245078614 344 877 548 1119
2 0.02834740848398898 344 877 548 1119
1 0.03373776533444173 415 -232 1085 882
1 0.02987027499313344 415 -232 1085 882
1 0.03013407882126784 415 -232 1085 882
2 0.045706854906268024 1216 202 1409 443
2 0.01648781167956903 1216 202 1409 443
2 0.024008632876958202 1216 202 1409 443
2 0.040122887462246126 356 402 556 692
2 0.013840409168480505 356 402 556 692
2 0.01932371247008291 356 402 556 692
2 0.0357936919024997 921 201 1119 475
2 0.013086063161097616 921 201 1119 475
2 0.022650913798109684 921 201 1119 475
1 0.02712756917185777 983 -110 1641 780
1 0.01722765914233859 983 -110 1641 780
1 0.01958465789636099 983 -110 1641 780
2 0.0304682609545337 362 664 543 890
2 0.012246317638215598 362 664 543 890
2 0.018718953666618576 362 664 543 890
2 0.021208149775077123 148 713 745 1731
2 0.02116423644353571 148 713 745 1731
2 0.015824497430021123 148 713 745 1731
2 0.03308791703442804 1216 421 1431 682
2 0.006757371350790797 1216 421 1431 682
2 0.01429170845433414 1216 421 1431 682
2 0.024183017462025447 1514 198 1711 458
2 0.009162332205652213 1514 198 1711 458
2 0.020382485749116164 1514 198 1711 458
2 0.028443994488068114 1503 438 1728 682
2 0.007500789932605834 1503 438 1728 682
2 0.014702779105215003 1503 438 1728 682
2 0.035291825413567235 604 853 847 1115
2 0.006640008504572359 604 853 847 1115
2 0.007356208705976974 604 853 847 1115
2 0.017381393012193547 64 403 264 682
2 0.009360326818886322 64 403 264 682
2 0.012417661818982628 64 403 264 682
2 0.016030092270736374 925 -22 1120 233
2 0.009388546001613984 925 -22 1120 233
2 0.012820667719807055 925 -22 1120 233
2 0.016180813423408713 321 1297 537 1549
2 0.011554340594769341 321 1297 537 1549
2 0.010349197643156893 321 1297 537 1549
3 0.015427207284843036 1718 17 2075 649
3 0.00819084615874327 1718 17 2075 649
3 0.013099612648228232 1718 17 2075 649
2 0.015286677224789491 39 1072 257 1350
2 0.008392159923026887 39 1072 257 1350
2 0.010045713009969037 39 1072 257 1350
2 0.014254504576710736 627 -33 836 237
2 0.007977291139702913 627 -33 836 237
2 0.011286650029246559 627 -33 836 237
2 0.01460515628308634 1228 -15 1409 232
2 0.007769620747573702 1228 -15 1409 232
2 0.010724537277465473 1228 -15 1409 232
2 0.017217067932574714 617 1286 823 1560
2 0.009301065929101293 617 1286 823 1560
2 0.005460526423160861 617 1286 823 1560
2 0.013620294227463026 1500 -33 1699 248
2 0.0076446275956862375 1500 -33 1699 248
2 0.010284372194840574 1500 -33 1699 248
2 0.012093017235473846 354 -21 554 233
2 0.00795776761680922 354 -21 554 233
2 0.010016383323891098 354 -21 554 233
2 0.019281358941379168 906 664 1115 881
2 0.005580156747563514 906 664 1115 881
2 0.011847542461286054 -297 -355 574 1029
2 0.007139694973004929 -297 -355 574 1029
2 0.008059056391999775 -297 -355 574 1029
2 0.0095069185429425 1795 659 2025 887
2 0.005213003918887876 1795 659 2025 887
2 0.006781474931792653 1795 659 2025 887
2 0.013961190254714317 875 870 1139 1113
2 0.00903348102399093 921 1294 1094 1585
2 0.011769289571960384 1435 844 1765 1114
2 0.008007473920855324 1784 856 1999 1101
2 0.0058269846226419175 1534 918 2275 1925
2 0.0063545137841439225 51 -26 265 239
2 0.005016529218448973 738 844 1338 2006
2 0.010058901017695465 1201 677 1429 884
2 0.007031114512548009 1803 1307 1987 1552
2 0.008919340746937898 878 1093 1129 1344
2 0.00699148816578643 1190 1295 1437 1532
2 0.008243474546689444 1113 879 1465 1110
2 0.005150456065003861 1808 1075 2002 1314
2 0.006629669274868105 1191 1074 1413 1299
2 0.005152077952784273 1449 1086 1733 1331
