3 0.03734473369376379 556 60 914 620
3 0.029600421886061046 556 60 914 620
3 0.028115632515172573 556 60 914 620
3 0.03686895942407631 1519 207 1718 445
3 0.020944464216981373 1519 207 1718 445
3 0.03508166693892889 1519 207 1718 445
2 0.04482459790869697 935 201 1143 485
2 0.015200079760566254 935 201 1143 485
2 0.032125169171397516 935 201 1143 485
2 0.039250212979549115 342 640 549 913
2 0.019217535559571397 342 640 549 913
2 0.02402697726953784 342 640 549 913
2 0.039740507342257425 324 1064 539 1349
2 0.01712995364267611 324 1064 539 1349
2 0.024730120672935563 324 1064 539 1349
3 0.02816229091174205 1150 37 1494 639
3 0.02054241231609888 1150 37 1494 639
3 0.026351859346562367 1150 37 1494 639
2 0.03289072965106232 340 193 528 467
2 0.013290225939975642 340 193 528 467
2 0.021780219729180317 340 193 528 467
2 0.03939131950800334 642 640 838 922
2 0.010416238845470271 642 640 838 922
2 0.014401115010708843 642 640 838 922
2 0.01997174869764795 -58 317 932 1661
2 0.01803261912055365 -58 317 932 1661
2 0.018621881286536635 -58 317 932 1661
2 0.020367500839396868 326 1301 547 1561
2 0.013370232272901683 326 1301 547 1561
2 0.012783523544422914 326 1301 547 1561
2 0.02193782462696081 1498 436 1729 678
2 0.005438153122189204 1498 436 1729 678
2 0.015568050584513493 1498 436 1729 678
1 0.018270516311855944 1565 -223 2280 892
1 0.008873753439051502 1565 -223 2280 892
1 0.015742860416789295 1565 -223 2280 892
2 0.01833988467215164 49 827 260 1144
2 0.009051982864767827 49 827 260 1144
2 0.010612165164274323 49 827 260 1144
2 0.01477252436944343 929 -21 1139 229
2 0.0083354794447687 929 -21 1139 229
2 0.014758591754048478 929 -21 1139 229
2 0.01573282201271109 47 405 245 695
2 0.008737938422135993 47 405 245 695
2 0.012815301358718667 47 405 245 695
2 0.014938749222344505 1525 -33 1712 231
2 0.009319258111652351 1525 -33 1712 231
2 0.012811529411551392 1525 -33 1712 231
2 0.021883155828282153 622 1069 831 1366
2 0.007236139930834162 622 1069 831 1366
2 0.006317445192518867 622 1069 831 1366
2 0.01357565478485534 1803 422 2024 670
2 0.008407166413615608 1803 422 2024 670
2 0.012116569361953822 1803 422 2024 670
2 0.02131519401761539 896 656 1130 900
2 0.00608721957741018 896 656 1130 900
3 0.011180890593735837 1802 204 2008 442
3 0.007361269506021673 1802 204 2008 442
3 0.010285935544954938 1802 204 2008 442
2 0.009400228036574143 352 -26 550 234
2 0.005290458788068275 352 -26 550 234
2 0.007089770847543142 352 -26 550 234
2 0.010026588605917652 1787 658 2030 883
2 0.006699907749480483 1787 658 2030 883
2 0.014524023068821279 897 889 1149 1109
2 0.012602469984888454 1186 680 1424 855
2 0.0066582567587686325 39 1289 250 1574
2 0.005451938993597083 39 1289 250 1574
2 0.0053387686676569235 39 1289 250 1574
2 0.011028978024530067 1451 624 1747 906
2 0.008629918266042647 1791 887 2013 1106
2 0.005909980638347134 1806 -22 1998 231
2 0.005564033631192511 1806 -22 1998 231
2 0.011391234532071248 832 1074 1186 1342
2 0.010303391477910206 1142 868 1441 1104
2 0.007080991333673403 890 1299 1117 1563
2 0.005701772821107731 1810 1326 1992 1548
2 0.0054906104918400755 1796 1107 2018 1354
2 0.0060289325301983165 1489 1072 1734 1360
2 0.005470551739608365 1190 1082 1396 1310
