2 0.041818988986375594 538 -322 1516 997
2 0.030504019002620453 538 -322 1516 997
2 0.034726967020265676 538 -322 1516 997
2 0.046801629744050555 923 212 1126 456
2 0.018248750389352697 923 212 1126 456
2 0.026394772583079762 923 212 1126 456
2 0.04265044142929497 319 651 543 887
2 0.01887419339702845 319 651 543 887
2 0.02325689521958907 319 651 543 887
2 0.04534676144838068 634 421 824 692
2 0.016946570283646323 634 421 824 692
2 0.022275681616656495 634 421 824 692
2 0.03584103371872427 1199 210 1397 455
2 0.013322334969931404 1199 210 1397 455
2 0.028897722557385652 1199 210 1397 455
2 0.044331935601746864 336 418 531 674
2 0.01361405852238562 336 418 531 674
2 0.01974770666627279 336 418 531 674
2 0.043263967380339885 335 848 547 1145
2 0.016546094956995216 335 848 547 1145
2 0.01689225331940203 335 848 547 1145
2 0.03870748804925839 910 418 1162 667
2 0.012892410328049664 910 418 1162 667
2 0.02103271242057403 910 418 1162 667
2 0.03162905093284607 1497 208 1690 445
2 0.01503381853961816 1497 208 1690 445
2 0.02266752582867504 1497 208 1690 445
3 0.02321170541344819 138 166 756 1371
3 0.021885734404138768 138 166 756 1371
3 0.021282086928075872 138 166 756 1371
2 0.035205056666445245 627 178 823 443
2 0.01157286392780632 627 178 823 443
2 0.019533767624933418 627 178 823 443
2 0.02951106340647569 333 195 551 468
2 0.013961630278785275 333 195 551 468
2 0.022303287390026405 333 195 551 468
2 0.030268001848055448 1215 426 1453 652
2 0.009619493528263412 1215 426 1453 652
2 0.015457770031682472 1215 426 1453 652
2 0.02184423764911181 919 -27 1137 240
2 0.009298429820051912 919 -27 1137 240
2 0.01296437368754777 919 -27 1137 240
2 0.03272560336157859 610 841 819 1133
2 0.005913085123289141 610 841 819 1133
2 0.02283576708325863 1507 436 1707 663
2 0.006424293250695545 1507 436 1707 663
2 0.011851398371582222 1507 436 1707 663
2 0.018139918108572295 27 837 256 1147
2 0.010272013985105355 27 837 256 1147
2 0.010754075097265114 27 837 256 1147
1 0.014791287033911749 1359 -244 2446 1342
1 0.01402735848959158 1359 -244 2446 1342
1 0.009334948993298675 1359 -244 2446 1342
2 0.015266050765716521 1224 -15 1428 225
2 0.008935376517820726 1224 -15 1428 225
2 0.012399065065722414 1224 -15 1428 225
2 0.015002203175027207 334 1286 544 1559
2 0.012122136974539455 334 1286 544 1559
2 0.008590666674494707 334 1286 544 1559
2 0.014981559919100107 49 621 230 897
2 0.008605469014806744 49 621 230 897
2 0.010039110230064097 49 621 230 897
2 0.014104770304798286 1791 438 1997 660
2 0.0076712275569010835 1791 438 1997 660
2 0.01113683663620435 1791 438 1997 660
2 0.010849289639779158 1786 208 1997 434
2 0.007863537713674873 1786 208 1997 434
2 0.00991313605871369 1786 208 1997 434
2 0.015038829563946088 589 1297 827 1573
2 0.007838971981843246 589 1297 827 1573
2 0.018472041715953846 915 657 1129 887
2 0.005495402105226255 915 657 1129 887
3 0.010440699652316532 1517 -33 1721 228
3 0.005982094286992784 1517 -33 1721 228
3 0.010274925928184186 1517 -33 1721 228
2 0.010069648676386211 342 -12 546 228
2 0.00575384142612323 342 -12 546 228
2 0.006678870762964306 342 -12 546 228
2 0.0162351676578103 1170 659 1443 863
2 0.0098755658723082 1803 648 2039 906
2 0.005182792718594342 1803 648 2039 906
2 0.006963992375361716 1803 648 2039 906
2 0.010063475535218913 45 177 254 466
2 0.005088357551033873 45 177 254 466
2 0.0064709730568282 45 177 254 466
3 0.006684256771380015 27 1279 226 1570
3 0.00575773795427903 27 1279 226 1570
3 0.006667743695490835 27 1279 226 1570
2 0.006792084143689148 1794 -27 2006 238
2 0.005767464772464537 1794 -27 2006 238
2 0.012203835292014298 896 896 1144 1118
2 0.007956316377992656 1463 631 1726 892
2 0.012670992227384659 871 1072 1118 1335
2 0.007594100103929802 1786 877 1998 1090
2 0.008487424076927819 1803 1320 1999 1557
2 0.007008633446238699 922 1290 1095 1567
2 0.0058661731566281294 1798 1102 2016 1334
2 0.006069972974190541 1174 1302 1411 1530
2 0.006557778479503784 1141 871 1414 1117
2 0.007018281386554248 1503 1093 1732 1348
2 0.0059859784185729015 1168 1084 1467 1324
