1 0.03483795662759803 1279 359 1946 1638
1 0.0306583822474904 1279 359 1946 1638
1 0.03092005713434487 1279 359 1946 1638
2 0.04530731841266311 622 1070 825 1330
2 0.021082758816795222 622 1070 825 1330
2 0.013696876708549022 622 1070 825 1330
2 0.03239886659476099 1506 1078 1706 1340
2 0.023591632941108998 1506 1078 1706 1340
2 0.023479305196321576 1506 1078 1706 1340
2 0.04660528262718122 635 855 823 1100
2 0.017172725103566377 635 855 823 1100
2 0.014921023424049329 635 855 823 1100
1 0.031049453432550278 425 637 1014 1792
1 0.01823091596674198 425 637 1014 1792
1 0.02338609995614349 425 637 1014 1792
2 0.037372076743043436 1502 643 1735 903
2 0.01593086075303063 1502 643 1735 903
2 0.01846659804546036 1502 643 1735 903
2 0.028406473319567915 1204 1055 1417 1350
2 0.024977396736610258 1204 1055 1417 1350
2 0.01687608204582658 1204 1055 1417 1350
2 0.03670269728640241 332 1042 528 1355
2 0.015399301912982666 332 1042 528 1355
2 0.01454924724920259 332 1042 528 1355
2 0.03770124274490838 934 842 1103 1133
2 0.01290505846247103 934 842 1103 1133
2 0.013605775158568312 934 842 1103 1133
2 0.024646333186193026 608 1303 837 1559
2 0.020679782425345294 608 1303 837 1559
2 0.015168337103381724 608 1303 837 1559
2 0.039029050582057634 1502 428 1713 668
2 0.009866105795206581 1502 428 1713 668
2 0.010112646704969308 1502 428 1713 668
1 0.021306797294406543 -155 383 469 1585
1 0.01944054198204359 -155 383 469 1585
1 0.018123488610881422 -155 383 469 1585
2 0.03842325224067955 1466 219 1744 467
2 0.006434697425339253 1466 219 1744 467
2 0.008306474986902568 1466 219 1744 467
3 0.01937345350207842 1806 851 1989 1122
3 0.014401845620455767 1806 851 1989 1122
3 0.019291639992990106 1806 851 1989 1122
2 0.03009987117303159 1219 645 1407 886
2 0.013234990361110421 1219 645 1407 886
2 0.008395976909656377 1219 645 1407 886
2 0.019557065630877446 1512 1299 1711 1539
2 0.016173871324163258 1512 1299 1711 1539
2 0.01395370827109943 1512 1299 1711 1539
2 0.03926345996711156 313 211 538 454
2 0.021764225482387545 35 830 255 1144
2 0.013615099099736683 35 830 255 1144
2 0.011637539598943203 35 830 255 1144
2 0.02035152847675281 1799 650 2021 878
2 0.01245577829910438 1799 650 2021 878
2 0.01327039032008237 1799 650 2021 878
2 0.019297596839479736 1784 436 2033 674
2 0.012245482843332156 1784 436 2033 674
2 0.011981882235780561 1784 436 2033 674
2 0.03514528684826046 889 184 1131 480
2 0.016849042623301447 904 1274 1124 1592
2 0.013381537239074426 904 1274 1124 1592
2 0.010229573345994503 904 1274 1124 1592
2 0.029870381715937366 1193 431 1422 666
2 0.0336902812528006 1186 201 1409 468
2 0.023080608365379618 40 176 270 471
2 0.005997938977092998 40 176 270 471
2 0.005267393948350296 40 176 270 471
2 0.023408790949752234 320 664 525 876
2 0.005190284288365432 320 664 525 876
2 0.005302791792471118 320 664 525 876
2 0.011656689709201418 320 1300 569 1560
2 0.011075077837469971 320 1300 569 1560
2 0.009440218491656216 320 1300 569 1560
1 0.010813284839086612 1800 1280 1997 1563
1 0.010347879562783047 1800 1280 1997 1563
1 0.009499886777269595 1800 1280 1997 1563
2 0.026593564397263236 606 181 813 450
2 0.0236788280079967 625 426 816 701
2 0.01473952684586255 1776 215 2012 467
2 0.007005371668356464 1776 215 2012 467
2 0.007988475314508747 1776 215 2012 467
1 0.009961476430383032 1591 -474 2225 677
1 0.007075376834738301 1591 -474 2225 677
1 0.007890610494213635 1591 -474 2225 677
3 0.009847408000369373 451 -482 1037 714
3 0.0074832830466228795 451 -482 1037 714
3 0.007199851967414905 451 -482 1037 714
1 0.008502842597804539 1012 -429 1607 630
1 0.006797185428171815 1012 -429 1607 630
1 0.006993581807931415 1012 -429 1607 630
2 0.007832568111362237 1802 -5 2020 228
2 0.005631793285354125 1802 -5 2020 228
2 0.0067147799161212385 1802 -5 2020 228
2 0.01108700466264656 324 -22 539 228
2 0.005375724160733286 324 -22 539 228
2 0.0094821589395655 1481 -22 1727 237
2 0.005813315800342611 1481 -22 1727 237
2 0.006546588727541269 26 1293 254 1561
2 0.006176095919796398 26 1293 254 1561
2 0.0058882497028827085 26 1293 254 1561
2 0.009827251657116731 1202 -25 1426 250
2 0.00912029634402689 618 -38 818 214
