2 0.06572779210178847 327 203 544 433
2 0.009090343244050336 327 203 544 433
2 0.009695958514724934 327 203 544 433
2 0.0449846984232849 305 1057 529 1358
2 0.01737431568697767 305 1057 529 1358
2 0.016684047608723773 305 1057 529 1358
1 0.02716460752197336 1343 426 1886 1570
1 0.025169651828199635 1343 426 1886 1570
1 0.022352786443780026 1343 426 1886 1570
2 0.03856820457790988 926 866 1111 1100
2 0.02293511816773197 926 866 1111 1100
2 0.012610940312066887 926 866 1111 1100
2 0.03552629976175514 1527 851 1701 1109
2 0.01923708321155737 1527 851 1701 1109
2 0.018027808009208335 1527 851 1701 1109
2 0.05090443227683128 1497 436 1706 670
2 0.011290211159547647 1497 436 1706 670
2 0.009848468900567897 1497 436 1706 670
2 0.040884227248251914 630 853 812 1114
2 0.014859523714466083 630 853 812 1114
2 0.012665147027137724 630 853 812 1114
2 0.03036250957212716 1219 855 1391 1125
2 0.022641155045849404 1219 855 1391 1125
2 0.014642647525951458 1219 855 1391 1125
1 0.029170633023020365 196 -164 737 816
1 0.022612727299290647 196 -164 737 816
1 0.01569205786719796 196 -164 737 816
2 0.0551159586425527 1204 182 1433 465
2 0.006167588047318873 1204 182 1433 465
2 0.0061549668531271085 1204 182 1433 465
2 0.04911468662867691 1484 216 1734 464
2 0.009306325312724129 1484 216 1734 464
2 0.008257974011929958 1484 216 1734 464
2 0.036113794083779904 610 1069 824 1336
2 0.01739623059159867 610 1069 824 1336
2 0.010863057778034979 610 1069 824 1336
2 0.02317044670428503 680 586 1356 1852
2 0.020907325873584348 680 586 1356 1852
2 0.01791226313514649 680 586 1356 1852
2 0.03910685079478782 629 187 818 459
2 0.00694117743698891 629 187 818 459
2 0.010429705145424628 629 187 818 459
2 0.029642616687329593 1510 1073 1710 1350
2 0.011883254607525373 1510 1073 1710 1350
2 0.013469143968702468 1510 1073 1710 1350
2 0.024855272124491457 1802 854 2020 1115
2 0.015227789859901364 1802 854 2020 1115
2 0.013666900054900122 1802 854 2020 1115
2 0.022220183291548068 1801 427 2019 677
2 0.017531279404600753 1801 427 2019 677
2 0.012830684391699876 1801 427 2019 677
2 0.022169954644675194 1815 651 2002 880
2 0.014788023854847676 1815 651 2002 880
2 0.015507654058346088 1815 651 2002 880
2 0.03517606193300704 317 651 548 911
2 0.007499526883023466 317 651 548 911
2 0.008202690095083232 317 651 548 911
2 0.019284199701838145 -59 291 346 1265
2 0.017713633671948115 -59 291 346 1265
2 0.013760958363734144 -59 291 346 1265
2 0.03879143251694339 885 195 1121 484
2 0.005160418166191005 885 195 1121 484
2 0.00574391492780757 885 195 1121 484
2 0.020297570705995915 613 1290 844 1552
2 0.015462412770433143 613 1290 844 1552
2 0.013467019531698154 613 1290 844 1552
2 0.02432960231458059 904 1085 1126 1345
2 0.012568050617485782 904 1085 1126 1345
2 0.01229911036868453 904 1085 1126 1345
2 0.027638944316512593 1202 645 1416 903
2 0.011603100171478642 1202 645 1416 903
2 0.008970234146318534 1202 645 1416 903
2 0.03271551560202712 1174 436 1429 664
2 0.005842300052430138 1174 436 1429 664
2 0.006996751473962615 1174 436 1429 664
2 0.03075771992341103 618 641 833 904
2 0.006521531011199899 618 641 833 904
2 0.007061433414617735 618 641 833 904
2 0.021971866417714203 1792 208 2031 458
2 0.008645742225847464 1792 208 2031 458
2 0.01029864796301716 1792 208 2031 458
2 0.025213314394622266 34 211 251 463
2 0.006043469970833493 34 211 251 463
2 0.008487632564492031 34 211 251 463
2 0.02668006107250598 916 446 1133 658
2 0.006567413109772047 916 446 1133 658
2 0.005742292429608276 916 446 1133 658
2 0.0171867682114637 1788 1083 2026 1331
2 0.008094039385930285 1788 1083 2026 1331
2 0.010546643912778042 1788 1083 2026 1331
2 0.01887559238045511 924 656 1105 911
2 0.008265112899997207 924 656 1105 911
2 0.007387651794057426 924 656 1105 911
2 0.011215816348405072 1796 1284 1997 1547
2 0.009926880555905182 1796 1284 1997 1547
2 0.010122240578018804 1796 1284 1997 1547
3 0.011213164918593477 992 -447 1655 646
3 0.010431259175024743 992 -447 1655 646
3 0.008695447412472856 992 -447 1655 646
2 0.013879806986910492 1175 1280 1426 1562
2 0.009768896034154317 1175 1280 1426 1562
2 0.00608507721698745 1175 1280 1426 1562
2 0.01297559214004207 1513 -30 1723 228
2 0.0055855608286980996 1513 -30 1723 228
2 0.006774489716683818 1513 -30 1723 228
2 0.010832622444027606 49 -23 266 263
2 0.005588721909639105 49 -23 266 263
2 0.007097693749003042 49 -23 266 263
1 0.010108443647486087 1588 -523 2243 729
1 0.005923548243185417 1588 -523 2243 729
1 0.0069509400515848085 1588 -523 2243 729
2 0.012217405888570232 926 -12 1134 240
2 0.00751518317154154 1806 -10 2020 225
2 0.005644862400309869 1806 -10 2020 225
2 0.005914611223134247 1806 -10 2020 225
2 0.005962588652332068 28 1293 259 1561
2 0.005621842116869391 28 1293 259 1561
2 0.005616491824272929 28 1293 259 1561
