2 0.07608153216064117 325 217 548 440
2 0.012564064023147359 325 217 548 440
2 0.013935355773190272 325 217 548 440
2 0.054016432315087126 1475 215 1725 444
2 0.022553556290749177 1475 215 1725 444
2 0.024636056282840157 1475 215 1725 444
3 0.03115115596567719 1285 9 1895 1073
3 0.03067088656187522 1285 9 1895 1073
3 0.030133261618260576 1285 9 1895 1073
2 0.03128660285731333 748 237 1301 1283
2 0.02481686439998465 748 237 1301 1283
2 0.02503778853865768 748 237 1301 1283
2 0.04111097566863009 627 1071 825 1329
2 0.022472687508192646 627 1071 825 1329
2 0.016996827071991127 627 1071 825 1329
1 0.03110060435997708 183 -194 732 821
1 0.026217987994028302 183 -194 732 821
1 0.02227122667229131 183 -194 732 821
2 0.04769995192365428 877 209 1121 468
2 0.013056615430805607 877 209 1121 468
2 0.017936700983586462 877 209 1121 468
2 0.04737669858942439 1495 433 1713 669
2 0.013702037057676364 1495 433 1713 669
2 0.017228533022883852 1495 433 1713 669
2 0.049924878371354175 1204 182 1416 455
2 0.009720360409438356 1204 182 1416 455
2 0.015481151756516542 1204 182 1416 455
2 0.04354586453057685 625 859 808 1110
2 0.015751811225263035 625 859 808 1110
2 0.01295971105545779 625 859 808 1110
2 0.04639815008798864 620 433 827 695
2 0.015435172357853522 620 433 827 695
2 0.009820797219394883 620 433 827 695
2 0.03880845073953365 923 853 1109 1099
2 0.01801952002714402 923 853 1109 1099
2 0.014579088706331955 923 853 1109 1099
2 0.02683466595665429 1801 438 2017 684
2 0.02206014560576275 1801 438 2017 684
2 0.021989207574011793 1801 438 2017 684
2 0.03152095868738303 1502 1078 1716 1331
2 0.01800038645290325 1502 1078 1716 1331
2 0.02019431327752441 1502 1078 1716 1331
2 0.03054077807361466 1520 854 1703 1109
2 0.019109809295347446 1520 854 1703 1109
2 0.019077025126460256 1520 854 1703 1109
2 0.04696354906227462 303 435 528 680
2 0.009314955675147285 303 435 528 680
2 0.00942587272616846 303 435 528 680
2 0.03674118272947702 327 1042 525 1356
2 0.013376489857389151 327 1042 525 1356
2 0.014327931896368384 327 1042 525 1356
2 0.025560620798088962 1526 634 1736 901
2 0.019285558883041176 1526 634 1736 901
2 0.01933359841792992 1526 634 1736 901
2 0.03498863431493637 1218 855 1400 1097
2 0.01744768085384929 1218 855 1400 1097
2 0.010785029577009553 1218 855 1400 1097
2 0.0386411116844001 1204 443 1421 677
2 0.009982876656738693 1204 443 1421 677
2 0.013377116103175823 1204 443 1421 677
2 0.030365936481679734 897 1084 1138 1345
2 0.016093497392322798 897 1084 1138 1345
2 0.015144566753992006 897 1084 1138 1345
2 0.04042936260266927 619 214 823 446
2 0.007544711096979628 619 214 823 446
2 0.013557241814706078 619 214 823 446
2 0.025494176800445745 1788 198 2010 449
2 0.01495141775351827 1788 198 2010 449
2 0.018531374091399044 1788 198 2010 449
2 0.023586705295521426 620 1301 832 1540
2 0.017477683865482874 620 1301 832 1540
2 0.016387214923618387 620 1301 832 1540
2 0.02790025818949715 1238 659 1418 882
2 0.01530584017751302 1238 659 1418 882
2 0.01288612003341183 1238 659 1418 882
2 0.03804067728116589 332 637 529 912
2 0.008218110667292722 332 637 529 912
2 0.009439891184359894 332 637 529 912
2 0.034497701005570036 905 433 1121 669
2 0.009072079578876346 905 433 1121 669
2 0.009313887573498603 905 433 1121 669
2 0.02018020817741195 1508 1292 1707 1542
2 0.01713091890875762 1508 1292 1707 1542
2 0.015175877462141663 1508 1292 1707 1542
2 0.024486497442031574 1209 1075 1406 1356
2 0.015660945447229513 1209 1075 1406 1356
2 0.011814668255996863 1209 1075 1406 1356
2 0.02089592220454506 1796 860 2000 1101
2 0.013917270091383216 1796 860 2000 1101
2 0.01592609754629848 1796 860 2000 1101
2 0.028642781801581307 40 214 259 460
2 0.008712632090086048 40 214 259 460
2 0.011172402112140212 40 214 259 460
2 0.02714333965078919 35 621 252 919
2 0.012179010830545844 35 621 252 919
2 0.008829056909497868 35 621 252 919
2 0.021676101777824863 926 -23 1119 244
2 0.01151655569145793 926 -23 1119 244
2 0.013597052009333921 926 -23 1119 244
2 0.01933004042351527 629 -36 799 247
2 0.00895582681032625 629 -36 799 247
2 0.014797188289701335 629 -36 799 247
2 0.017342620857760505 1523 -28 1717 235
2 0.009530854267587152 1523 -28 1717 235
2 0.011851285176815662 1523 -28 1717 235
1 0.014954280909604822 1583 881 2236 1967
1 0.007667087099690328 1583 881 2236 1967
1 0.01119506472402787 1583 881 2236 1967
2 0.024006206238324612 635 650 838 907
1 0.014034352587338539 132 888 729 1989
1 0.008644269056423681 132 888 729 1989
1 0.010448393700916103 132 888 729 1989
2 0.012092253882156678 1791 1071 2012 1337
2 0.009322850793916537 1791 1071 2012 1337
2 0.00911750404257855 1791 1071 2012 1337
2 0.0132889299830381 50 -27 272 262
2 0.005828936103812576 50 -27 272 262
2 0.009108597277695418 50 -27 272 262
1 0.009704813056551742 1806 1288 2000 1563
1 0.008728031762958721 1806 1288 2000 1563
1 0.009389647824680325 1806 1288 2000 1563
2 0.011213925605376651 31 1069 257 1353
2 0.007426737145841411 31 1069 257 1353
2 0.006714114131622428 31 1069 257 1353
2 0.007556000637880422 1795 -19 2005 220
2 0.006396069850501451 1795 -19 2005 220
