2 0.04612675077263484 1185 447 1425 676
2 0.020655121708220037 1185 447 1425 676
2 0.025579199680278553 1185 447 1425 676
2 0.04679230443522675 1473 202 1730 461
2 0.01918183320952893 1473 202 1730 461
2 0.024953037177825488 1473 202 1730 461
2 0.04400864411589467 1503 421 1735 677
2 0.01892435911782897 1503 421 1735 677
2 0.023719094270054697 1503 421 1735 677
1 0.03588276473080798 1106 -310 2141 990
1 0.025848673609375483 1106 -310 2141 990
1 0.024339494107726845 1106 -310 2141 990
1 0.028436849195301317 1005 660 1611 1766
1 0.026429264734987745 1005 660 1611 1766
1 0.026758043796475617 1005 660 1611 1766
2 0.042280039843301864 1208 207 1402 455
2 0.016153702920484125 1208 207 1402 455
2 0.02301663381167085 1208 207 1402 455
2 0.05876798075757206 339 198 545 463
2 0.009492369175093995 339 198 545 463
2 0.011880549791440265 339 198 545 463
2 0.03221791108219585 1203 1051 1396 1354
2 0.022441340846308444 1203 1051 1396 1354
2 0.016987938696674365 1203 1051 1396 1354
2 0.04397557742761071 908 190 1134 486
2 0.011898037707826381 908 190 1134 486
2 0.01342868402585251 908 190 1134 486
2 0.035255929128704455 322 1057 532 1342
2 0.018559985421496616 322 1057 532 1342
2 0.014930346748455392 322 1057 532 1342
2 0.024538259834594456 157 523 754 1885
2 0.02277963627224544 157 523 754 1885
2 0.019662672451716823 157 523 754 1885
2 0.04292089623470918 618 204 813 455
2 0.006677594713679846 618 204 813 455
2 0.013792321402625873 618 204 813 455
2 0.037674830807690185 916 865 1121 1126
2 0.013193405335871211 916 865 1121 1126
2 0.010385332051138785 916 865 1121 1126
2 0.02985715281866852 1500 1066 1726 1362
2 0.016254421523976936 1500 1066 1726 1362
2 0.01452027170725706 1500 1066 1726 1362
2 0.02824117116914604 1534 626 1712 935
2 0.012911670207683634 1534 626 1712 935
2 0.016798639365824264 1534 626 1712 935
2 0.024166757057028643 1791 436 2002 678
2 0.01435369212516302 1791 436 2002 678
2 0.01818955020894686 1791 436 2002 678
2 0.03701603140855325 329 622 540 905
2 0.01017239462419911 329 622 540 905
2 0.008885629070488343 329 622 540 905
2 0.02063667202841124 1804 653 1992 889
2 0.016155901090209923 1804 653 1992 889
2 0.01899466237980718 1804 653 1992 889
2 0.029597243948296548 630 1047 793 1347
2 0.014792814506675356 630 1047 793 1347
2 0.009425538152587953 630 1047 793 1347
1 0.02025051728388183 0 685 300 1296
1 0.016118783378282098 0 685 300 1296
1 0.010695260734673306 0 685 300 1296
2 0.03689732708015492 610 424 814 669
2 0.005239309560642114 610 424 814 669
2 0.024635544116695218 1213 638 1410 913
2 0.008902627489173254 1213 638 1410 913
2 0.012597157104210721 1213 638 1410 913
2 0.027139530524351585 27 197 251 477
2 0.007446737328216102 27 197 251 477
2 0.01105956788357787 27 197 251 477
2 0.01711660054146158 1802 871 2016 1105
2 0.012559958833342932 1802 871 2016 1105
2 0.01587106280205841 1802 871 2016 1105
2 0.015503124047817285 1794 1061 2020 1350
2 0.012980398216282718 1794 1061 2020 1350
2 0.015037133218907428 1794 1061 2020 1350
1 0.016911755751679913 1593 667 2204 1749
1 0.010686141229741097 1593 667 2204 1749
1 0.015333218969587392 1593 667 2204 1749
2 0.01611643949684316 907 1274 1110 1565
2 0.014733022670261442 907 1274 1110 1565
2 0.01034565350018568 907 1274 1110 1565
2 0.022765380211477115 930 658 1110 910
2 0.008065383866815823 930 658 1110 910
2 0.00904622221669188 930 658 1110 910
1 0.014175123167280645 443 -190 1024 872
1 0.011389077762953281 443 -190 1024 872
1 0.0138109179810324 443 -190 1024 872
2 0.026890114263889764 913 442 1097 653
2 0.00742235809985925 913 442 1097 653
2 0.01697067937239205 1787 197 1998 454
2 0.00791151077962371 1787 197 1998 454
2 0.014259381693349615 1787 197 1998 454
2 0.019154029271273743 351 -23 553 239
2 0.00569128377364736 351 -23 553 239
2 0.011274714797004926 351 -23 553 239
1 0.013628149451672122 321 1300 539 1550
1 0.01135188280434185 321 1300 539 1550
1 0.010044864601882475 321 1300 539 1550
1 0.01357702291903129 -168 -442 469 660
1 0.009941846388873965 -168 -442 469 660
1 0.009956473830074253 -168 -442 469 660
2 0.023272356599761235 624 629 819 903
2 0.005261388650035115 624 629 819 903
2 0.017078580528036014 1231 -25 1414 235
2 0.005943530663930829 1231 -25 1414 235
2 0.010301340684673477 1231 -25 1414 235
2 0.014035743962685476 45 -20 263 239
2 0.007678044527117234 45 -20 263 239
2 0.01041079275219614 45 -20 263 239
2 0.012445688422765722 626 -23 817 251
2 0.0052572999126094255 626 -23 817 251
2 0.006937277884006332 626 -23 817 251
2 0.010476312237006624 1527 -23 1711 225
2 0.005937320513091926 1527 -23 1711 225
2 0.00791236388724581 1527 -23 1711 225
1 0.007198375445386429 34 1289 260 1555
1 0.00671810625762026 34 1289 260 1555
1 0.005821483381246995 34 1289 260 1555
2 0.006916461644641492 1803 -19 1997 234
2 0.005582898071838149 1803 -19 1997 234
