3 0.032230977768869185 985 504 1616 1940
3 0.02681683095231957 985 504 1616 1940
3 0.030494322093069348 985 504 1616 1940
2 0.036530991875403096 1208 857 1403 1106
2 0.021448963713560865 1208 857 1403 1106
2 0.019437730992647673 1208 857 1403 1106
1 0.029491553545637483 459 684 1001 1729
1 0.02084029184907954 459 684 1001 1729
1 0.022309954133935328 459 684 1001 1729
2 0.03524763866899994 1527 879 1719 1106
2 0.016305522920747384 1527 879 1719 1106
2 0.02002053118980962 1527 879 1719 1106
2 0.05176301607343792 315 200 556 460
2 0.009321196067332727 315 200 556 460
2 0.008234068516137505 315 200 556 460
2 0.03218953875664021 1507 1092 1718 1323
2 0.015545733287549934 1507 1092 1718 1323
2 0.018234170801111338 1507 1092 1718 1323
2 0.03664968248975953 616 1070 816 1334
2 0.018331233003191283 616 1070 816 1334
2 0.010506663018287288 616 1070 816 1334
2 0.032255188859565465 339 1059 535 1365
2 0.017184229215034597 339 1059 535 1365
2 0.01591031432365353 339 1059 535 1365
2 0.050923026443732144 619 195 832 458
2 0.005227623783477242 619 195 832 458
2 0.008282829992090623 619 195 832 458
2 0.03662789873416905 1510 654 1739 894
2 0.013322843341806667 1510 654 1739 894
2 0.014379195024434743 1510 654 1739 894
2 0.022237434809721623 1794 862 2017 1115
2 0.017289028503951087 1794 862 2017 1115
2 0.019039522332218173 1794 862 2017 1115
2 0.03354701926115222 925 856 1126 1129
2 0.013887521600775887 925 856 1126 1129
2 0.008469781343620197 925 856 1126 1129
2 0.03093329934977085 615 847 824 1112
2 0.01221119227770362 615 847 824 1112
2 0.010716818532924943 615 847 824 1112
2 0.03719538913972675 332 414 536 714
2 0.008456534937328786 332 414 536 714
2 0.007271464702107822 332 414 536 714
3 0.01945609921224578 2 -394 856 1045
3 0.014509517457137022 2 -394 856 1045
3 0.018784354549025162 2 -394 856 1045
1 0.02207069027675157 1568 433 2241 1547
1 0.012353285743058828 1568 433 2241 1547
1 0.01779942248350208 1568 433 2241 1547
2 0.021441559425171675 1791 1068 2020 1346
2 0.013333942812534638 1791 1068 2020 1346
2 0.01345430016216742 1791 1068 2020 1346
2 0.023912715484946112 1799 635 2006 904
2 0.012232164914668608 1799 635 2006 904
2 0.010718123467311047 1799 635 2006 904
2 0.021087317831309793 1520 1299 1704 1538
2 0.01236973254842788 1520 1299 1704 1538
2 0.012322501930967511 1520 1299 1704 1538
2 0.025963705015479288 1190 647 1424 885
2 0.011013504888604198 1190 647 1424 885
2 0.008244395850458996 1190 647 1424 885
2 0.023398034156395298 1817 415 2021 681
2 0.009712428363632952 1817 415 2021 681
2 0.008131735250480832 1817 415 2021 681
2 0.022337425709246794 42 628 255 919
2 0.010543601698702942 42 628 255 919
2 0.007412520848209092 42 628 255 919
2 0.03036708338444205 1461 425 1700 690
2 0.005027920113070794 1461 425 1700 690
2 0.01679053692852439 1163 1284 1437 1574
2 0.012210328029277573 1163 1284 1437 1574
2 0.00901056041847692 1163 1284 1437 1574
2 0.02950129797532819 1489 200 1729 457
2 0.026538564304761536 619 441 838 691
2 0.005643548413221566 619 441 838 691
2 0.016132463872691294 889 1294 1115 1565
2 0.011060675880193993 889 1294 1115 1565
2 0.008813435444390005 889 1294 1115 1565
2 0.02219926312687459 911 666 1125 897
2 0.005905647550083826 911 666 1125 897
2 0.00565633630939355 911 666 1125 897
2 0.026301958710496898 1191 432 1414 673
2 0.012296096026996772 41 1062 260 1352
2 0.010619487110720582 41 1062 260 1352
2 0.008477762307677161 41 1062 260 1352
2 0.02457912481863611 920 213 1152 482
2 0.01692099765291577 30 185 247 484
2 0.0052115256393809595 30 185 247 484
2 0.006495365938550629 30 185 247 484
2 0.01558815830396676 615 -4 834 218
2 0.005665173893136921 615 -4 834 218
2 0.006770456508364497 615 -4 834 218
2 0.014272802218041392 342 -20 551 228
2 0.006440962385268367 342 -20 551 228
2 0.017459185800874355 895 439 1112 666
1 0.00839422916163518 -187 897 500 1942
1 0.006472538984202525 -187 897 500 1942
1 0.0072857073246142545 -187 897 500 1942
2 0.009144455810675911 47 -17 273 234
2 0.005729422751546198 47 -17 273 234
2 0.006611579856938166 47 -17 273 234
1 0.006698912345704466 30 1302 261 1557
1 0.005321038840939707 30 1302 261 1557
1 0.006205414519878105 30 1302 261 1557
1 0.006641269942755823 712 -462 1336 725
1 0.006084810510012861 712 -462 1336 725
2 0.006126078687614722 1237 -461 1958 658
2 0.00540963360095148 1237 -461 1958 658
2 0.008978824267038443 1490 -27 1729 245
2 0.00822669038788193 910 -4 1131 240
2 0.007462253751067904 1219 -26 1433 243
