2 0.061208676573626164 1223 176 1415 459
2 0.019435416987113152 1223 176 1415 459
2 0.030575594031950537 1223 176 1415 459
2 0.04851858334709025 1467 188 1729 454
2 0.019373074706854898 1467 188 1729 454
2 0.02532721379611136 1467 188 1729 454
2 0.041471369794966684 1487 428 1719 668
2 0.023179760557422213 1487 428 1719 668
2 0.022713878898699136 1487 428 1719 668
2 0.04126437284873763 1197 1051 1394 1354
2 0.02258078474208336 1197 1051 1394 1354
2 0.01742034045431795 1197 1051 1394 1354
3 0.026751527763633876 1250 -26 1940 1112
3 0.026059543361972137 1250 -26 1940 1112
3 0.026524509024747234 1250 -26 1940 1112
2 0.05296780926878597 616 197 811 462
2 0.009298886308210186 616 197 811 462
2 0.014437837474025716 616 197 811 462
2 0.045183092041663375 610 1063 817 1349
2 0.01759082224722419 610 1063 817 1349
2 0.012184519668258953 610 1063 817 1349
2 0.0516125753630412 335 199 543 441
2 0.011070939738699437 335 199 543 441
2 0.011293417752063384 335 199 543 441
2 0.040855530672962104 1192 427 1434 693
2 0.016734905587667104 1192 427 1434 693
2 0.015470882033498334 1192 427 1434 693
2 0.04881378754172694 348 426 545 689
2 0.011855777000579604 348 426 545 689
2 0.01147466284751264 348 426 545 689
2 0.027277206751851635 1505 655 1710 895
2 0.020137714783616367 1505 655 1710 895
2 0.0240640190110446 1505 655 1710 895
2 0.03389365683594825 1484 1071 1708 1339
2 0.01592120396103791 1484 1071 1708 1339
2 0.017650295519771042 1484 1071 1708 1339
2 0.0355696857756147 327 838 534 1127
2 0.0152079982722092 327 838 534 1127
2 0.012277898296708112 327 838 534 1127
2 0.03905365825000473 893 200 1109 450
2 0.012065719336623815 893 200 1109 450
2 0.011761021130309857 893 200 1109 450
1 0.02643816646431607 881 948 1211 1461
1 0.019994005375096435 881 948 1211 1461
1 0.015734196739449646 881 948 1211 1461
2 0.0440651092894786 608 426 817 673
2 0.006135072974953526 608 426 817 673
2 0.008317999151214783 608 426 817 673
2 0.028104792109494126 1508 858 1713 1120
2 0.014910972871058137 1508 858 1713 1120
2 0.014355367095234328 1508 858 1713 1120
2 0.029993120382273197 35 196 238 459
2 0.009867697331372771 35 196 238 459
2 0.013440830934363435 35 196 238 459
2 0.024344605481637638 1792 424 2009 682
2 0.013834131470972011 1792 424 2009 682
2 0.01487528872560695 1792 424 2009 682
2 0.02122084870505969 1810 643 1994 902
2 0.012514580314373691 1810 643 1994 902
2 0.017133293006058703 1810 643 1994 902
3 0.019308817062138606 -45 -289 917 957
3 0.01736382073126219 -45 -289 917 957
3 0.013772925512909873 -45 -289 917 957
2 0.023358145195468083 57 631 264 921
2 0.010317032814045168 57 631 264 921
2 0.010663008652033734 57 631 264 921
2 0.027282486507095083 899 416 1119 688
2 0.00823772685958346 899 416 1119 688
2 0.008210366601573926 899 416 1119 688
2 0.018203745241975544 1782 1079 2016 1354
2 0.011907412133972617 1782 1079 2016 1354
2 0.013093274402376398 1782 1079 2016 1354
2 0.025097410237200135 917 643 1109 906
2 0.009331842060924855 917 643 1109 906
2 0.0076561674150529835 917 643 1109 906
1 0.014783094415072418 418 771 1044 2088
1 0.012729989800895902 418 771 1044 2088
1 0.012522831606892715 418 771 1044 2088
3 0.014004163487285948 1797 854 2019 1115
3 0.009853591846145204 1797 854 2019 1115
3 0.013624286532156082 1797 854 2019 1115
2 0.01569993984099627 1788 194 2017 458
2 0.007404724276126595 1788 194 2017 458
2 0.011896001294200431 1788 194 2017 458
2 0.014695097210853936 40 1074 246 1334
2 0.010151792405306281 40 1074 246 1334
2 0.010070592668072198 40 1074 246 1334
2 0.015199600300397353 1486 -24 1712 227
2 0.006856972117842697 1486 -24 1712 227
2 0.012759377594679933 1486 -24 1712 227
2 0.015038633796805811 1045 855 2167 2002
2 0.007803207876742491 1045 855 2167 2002
2 0.009052544141118446 1045 855 2167 2002
1 0.01204375189740392 319 1295 550 1558
1 0.011875484637913103 319 1295 550 1558
1 0.007923394770217529 319 1295 550 1558
2 0.014854332688319372 922 -7 1128 223
2 0.0060177436867507594 922 -7 1128 223
2 0.00919672578895997 922 -7 1128 223
2 0.01012074824648046 -158 679 443 1733
2 0.009522272273647658 -158 679 443 1733
2 0.009867536251908504 -158 679 443 1733
2 0.009749530812063423 42 -26 260 236
2 0.005944174333687657 42 -26 260 236
2 0.00824863022402944 42 -26 260 236
1 0.006609838194817086 46 1294 253 1558
1 0.0055638091402127055 46 1294 253 1558
1 0.005838560203223486 46 1294 253 1558
2 0.0056437369580475405 1803 -18 2011 229
2 0.005386808974198853 1803 -18 2011 229
