2 0.03315002289022573 1306 424 1920 1577
2 0.03263222471763738 1306 424 1920 1577
2 0.026727901275002797 1306 424 1920 1577
2 0.03781895809071578 1513 650 1721 897
2 0.020254650497274262 1513 650 1721 897
2 0.024624203851413284 1513 650 1721 897
2 0.033251930343457525 1501 1072 1707 1348
2 0.023185893723572937 1501 1072 1707 1348
2 0.02252928251174291 1501 1072 1707 1348
1 0.029548399710034756 103 182 825 1376
1 0.022242724557995475 103 182 825 1376
1 0.02218455053999513 103 182 825 1376
2 0.030059523390361997 1524 858 1700 1119
2 0.021702837350693338 1524 858 1700 1119
2 0.02162088641439497 1524 858 1700 1119
2 0.030039181387601976 1211 1067 1414 1343
2 0.025310675632704616 1211 1067 1414 1343
2 0.01770162123380936 1211 1067 1414 1343
2 0.04681674233051769 1466 213 1731 456
2 0.011285596962518074 1466 213 1731 456
2 0.014325727582187309 1466 213 1731 456
2 0.043380180024785275 615 850 824 1101
2 0.015568113847558518 615 850 824 1101
2 0.01281252448989223 615 850 824 1101
2 0.04645528514224173 1185 433 1437 655
2 0.012183458033076078 1185 433 1437 655
2 0.012021345602518219 1185 433 1437 655
2 0.037897589634649176 617 1067 822 1335
2 0.018766921593288854 617 1067 822 1335
2 0.011686509634193598 617 1067 822 1335
2 0.043474018801772374 326 663 537 890
2 0.012565871000361106 326 663 537 890
2 0.011330155414398968 326 663 537 890
2 0.03479291610996471 325 1042 538 1354
2 0.015554911341914002 325 1042 538 1354
2 0.014588711633731766 325 1042 538 1354
3 0.024968861813349008 697 490 1354 1469
3 0.01932119472538485 697 490 1354 1469
3 0.020476331712666607 697 490 1354 1469
2 0.05020492072851379 1185 214 1410 446
2 0.007005570097761427 1185 214 1410 446
2 0.0074163276331515315 1185 214 1410 446
2 0.0458725446898689 311 413 527 678
2 0.008067646609798862 311 413 527 678
2 0.008470870189749458 311 413 527 678
2 0.03619642192344141 917 848 1117 1119
2 0.013497867543272812 917 848 1117 1119
2 0.012556813640188347 917 848 1117 1119
2 0.02452538703574536 602 1297 839 1555
2 0.02118940534716618 602 1297 839 1555
2 0.01575175248365035 602 1297 839 1555
2 0.02537101175695078 1791 443 2025 683
2 0.017062916268904882 1791 443 2025 683
2 0.01893603862236315 1791 443 2025 683
2 0.03714212433802344 1494 428 1707 661
2 0.011917207936266161 1494 428 1707 661
2 0.011912954977016776 1494 428 1707 661
2 0.0291643910872319 1225 646 1412 904
2 0.018699732158904414 1225 646 1412 904
2 0.01229599866920228 1225 646 1412 904
2 0.044653995536067415 323 221 537 451
2 0.008985536420745732 323 221 537 451
2 0.0058858511473930675 323 221 537 451
2 0.029647094872270685 905 1066 1119 1356
2 0.01245738711773492 905 1066 1119 1356
2 0.012215384011600383 905 1066 1119 1356
2 0.03765939687551456 618 425 820 703
2 0.00804646908819484 618 425 820 703
2 0.007794314034869909 618 425 820 703
3 0.01943059635983424 1806 860 2001 1118
3 0.01510748079146218 1806 860 2001 1118
3 0.018798571392280472 1806 860 2001 1118
2 0.04001809207204676 886 194 1129 466
2 0.005481693221256773 886 194 1129 466
2 0.007634861369279267 886 194 1129 466
2 0.02158528386321623 1797 658 2014 868
2 0.014081193166996075 1797 658 2014 868
2 0.01565060162923504 1797 658 2014 868
2 0.028161376705801322 34 622 265 915
2 0.01069254477165199 34 622 265 915
2 0.0101424473480905 34 622 265 915
2 0.019581253161675027 1513 1303 1701 1534
2 0.014282260633047161 1513 1303 1701 1534
2 0.01470910616715404 1513 1303 1701 1534
2 0.028032618872037007 931 651 1124 884
2 0.00963857323878653 931 651 1124 884
2 0.00914217365876191 931 651 1124 884
2 0.03276850670187792 883 416 1096 675
2 0.006527186968421417 883 416 1096 675
2 0.0057157972847931005 883 416 1096 675
2 0.01966774173589192 1783 220 2002 463
2 0.011264189412163006 1783 220 2002 463
2 0.013029495647623568 1783 220 2002 463
2 0.032726503201239154 604 198 810 459
2 0.005493042642472634 604 198 810 459
2 0.023918166493850368 15 406 248 676
2 0.009401097639237133 15 406 248 676
2 0.00907637729501476 15 406 248 676
3 0.014283164550262129 1016 -416 1619 621
3 0.012917133217406729 1016 -416 1619 621
3 0.01305661730948593 1016 -416 1619 621
2 0.014820031517849497 1753 1129 2087 1741
2 0.011630520594923865 1753 1129 2087 1741
2 0.011653998073161809 1753 1129 2087 1741
2 0.0158174369601638 1476 -24 1727 231
2 0.008619043270810534 1476 -24 1727 231
2 0.009460962670007622 1476 -24 1727 231
1 0.013019252538422066 1570 -472 2238 670
1 0.007971824471454392 1570 -472 2238 670
1 0.009298476998653715 1570 -472 2238 670
2 0.013948605071687603 616 -21 795 208
2 0.0058192694553338975 616 -21 795 208
2 0.008597928760863183 616 -21 795 208
2 0.014203584419398618 335 -28 524 252
2 0.00791544991688653 335 -28 524 252
2 0.010229828067677194 28 1059 261 1363
2 0.007824577812200084 28 1059 261 1363
2 0.007592155876852802 28 1059 261 1363
2 0.009306351111227684 1804 2 2019 228
2 0.00721407358248527 1804 2 2019 228
2 0.007916407508865575 1804 2 2019 228
2 0.009311762958519876 -38 -165 311 377
2 0.006168111091370998 -38 -165 311 377
2 0.008519607195969003 -38 -165 311 377
2 0.012034890676356214 903 -28 1118 227
