2 0.05175337669682811 609 1082 822 1327
2 0.021980176282825337 609 1082 822 1327
2 0.014534298861849093 609 1082 822 1327
2 0.05453321592214877 321 200 546 467
2 0.01022007066645303 321 200 546 467
2 0.007801154339375449 321 200 546 467
2 0.03741095917808979 1485 641 1728 883
2 0.018441187525075176 1485 641 1728 883
2 0.015680927630113084 1485 641 1728 883
2 0.03633760234163752 341 863 539 1149
2 0.01795990372575762 341 863 539 1149
2 0.012213247758232182 341 863 539 1149
1 0.024983802712934322 142 366 744 1616
1 0.017203254725761008 142 366 744 1616
1 0.016048967835104566 142 366 744 1616
2 0.030177326522198733 1194 640 1404 885
2 0.014515728808524697 1194 640 1404 885
2 0.011951689840346669 1194 640 1404 885
2 0.03897943236597712 1497 453 1715 668
2 0.009658892274174491 1497 453 1715 668
2 0.006482617872556773 1497 453 1715 668
1 0.023475152676445732 863 955 1218 1478
1 0.018639774755009553 863 955 1218 1478
1 0.01189277041901049 863 955 1218 1478
2 0.03826475882139668 619 623 807 894
2 0.00682494452080018 619 623 807 894
2 0.008167152659920962 619 623 807 894
2 0.03925380784884158 304 423 547 686
2 0.007132055869586318 304 423 547 686
2 0.00677268266190767 304 423 547 686
2 0.026442297388027836 1536 852 1710 1130
2 0.011195624401226179 1536 852 1710 1130
2 0.014755837962158846 1536 852 1710 1130
2 0.027880111908059613 1206 1053 1391 1349
2 0.014517427753879097 1206 1053 1391 1349
2 0.00940613565886056 1206 1053 1391 1349
2 0.03761208792922188 319 643 525 895
2 0.00639690007189575 319 643 525 895
2 0.007048085457061093 319 643 525 895
2 0.04202702474651021 620 195 828 460
2 0.027875418484942793 33 204 255 446
2 0.00910879071451609 33 204 255 446
2 0.012444551026835948 33 204 255 446
2 0.028325520659748804 898 640 1101 889
2 0.011437251109089885 898 640 1101 889
2 0.007204017284536235 898 640 1101 889
1 0.018177928968190593 1301 465 1932 1507
1 0.013178543741183768 1301 465 1932 1507
1 0.014643189362112063 1301 465 1932 1507
2 0.01770234162813744 611 1287 812 1582
2 0.013357469298881597 611 1287 812 1582
2 0.010900911520593137 611 1287 812 1582
2 0.022436138598534328 1787 433 2001 686
2 0.010043718611447261 1787 433 2001 686
2 0.008920607029755612 1787 433 2001 686
2 0.025186792597888363 621 853 815 1095
2 0.007710593137510102 621 853 815 1095
2 0.006934632580393618 621 853 815 1095
2 0.03130951088577616 603 437 831 635
2 0.020994781562869935 29 416 244 696
2 0.008087269751462456 29 416 244 696
2 0.00879447158802149 29 416 244 696
2 0.01851454697141508 36 843 243 1125
2 0.009958086021965573 36 843 243 1125
2 0.009142653934579026 36 843 243 1125
1 0.014077790857910388 312 1299 552 1571
1 0.013763152566942383 312 1299 552 1571
1 0.009267530054895001 312 1299 552 1571
2 0.016906074249277703 1821 861 2015 1104
2 0.009582376669501347 1821 861 2015 1104
2 0.010400898786836477 1821 861 2015 1104
2 0.018901358804001234 1513 1288 1718 1547
2 0.009383802206515135 1513 1288 1718 1547
2 0.008159217696631416 1513 1288 1718 1547
2 0.015871519772044484 1804 1056 2011 1355
2 0.008369991383657904 1804 1056 2011 1355
2 0.010712758971458625 1804 1056 2011 1355
2 0.018127543157061554 335 -53 543 252
2 0.007595965845273167 335 -53 543 252
2 0.008303333562009685 335 -53 543 252
2 0.0263901915069642 1512 220 1723 468
2 0.02921181492950109 1213 185 1412 507
3 0.011179935295913657 418 -438 1047 655
3 0.01022392799292593 418 -438 1047 655
3 0.009731121170590828 418 -438 1047 655
1 0.010801203275767612 -197 -484 482 698
1 0.008803143145608427 -197 -484 482 698
1 0.009119494255651617 -197 -484 482 698
2 0.023385660809271958 884 200 1137 479
2 0.019524774624841257 882 450 1114 658
2 0.010189030101900975 57 -35 264 254
2 0.006392900668802548 57 -35 264 254
2 0.008287157693133984 57 -35 264 254
2 0.009851564363003718 600 -30 808 227
1 0.007380839979456932 1614 -426 2221 632
1 0.005406045481125277 39 1295 247 1568
1 0.005234654430419372 39 1295 247 1568
2 0.00852534446430564 925 -7 1112 218
2 0.006328269262304342 1492 -37 1710 230
