2 0.03638285440004885 1149 -358 2065 1033
2 0.03557508909414531 1149 -358 2065 1033
2 0.0248929388825625 1149 -358 2065 1033
2 0.03200504540551208 997 685 1632 1728
2 0.028583691124243416 997 685 1632 1728
2 0.029921038468366135 997 685 1632 1728
2 0.04450596320268119 609 1062 806 1360
2 0.02108479756927295 609 1062 806 1360
2 0.015115356360169585 609 1062 806 1360
2 0.048855833797261106 1215 194 1416 453
2 0.012821126296943541 1215 194 1416 453
2 0.01860475588231436 1215 194 1416 453
2 0.03739026561925307 1204 1082 1406 1343
2 0.019685465247210487 1204 1082 1406 1343
2 0.0202057740029975 1204 1082 1406 1343
2 0.04043597686322098 1486 214 1711 444
2 0.01614629662230449 1486 214 1711 444
2 0.019558388763185386 1486 214 1711 444
2 0.04179646963361483 1187 437 1422 671
2 0.016141551011636945 1187 437 1422 671
2 0.01628909635675857 1187 437 1422 671
2 0.03463259607970093 905 1073 1104 1342
2 0.0216741361785604 905 1073 1104 1342
2 0.013146429572052254 905 1073 1104 1342
2 0.028675398244376815 1491 1084 1711 1334
2 0.020608247217558162 1491 1084 1711 1334
2 0.018005930472475118 1491 1084 1711 1334
2 0.04164153910089796 883 413 1116 685
2 0.012316621492116764 883 413 1116 685
2 0.011472534685352476 883 413 1116 685
2 0.04366249137206957 890 195 1125 443
2 0.01039839235807416 890 195 1125 443
2 0.010172843065861525 890 195 1125 443
2 0.0337970726757173 331 1075 521 1339
2 0.013999450555275739 331 1075 521 1339
2 0.014269549354174571 331 1075 521 1339
2 0.03088690240276981 1481 433 1723 662
2 0.015640856378230872 1481 433 1723 662
2 0.013572399823983505 1481 433 1723 662
1 0.023376010483528775 126 607 758 1815
1 0.019874171170682797 126 607 758 1815
1 0.015315194554969214 126 607 758 1815
2 0.02631532425819283 1193 653 1424 875
2 0.019728930009722312 1193 653 1424 875
2 0.011925785278574574 1193 653 1424 875
2 0.02306354394488197 1802 423 2000 671
2 0.014307214059188 1802 423 2000 671
2 0.017548928164362265 1802 423 2000 671
3 0.023121940168338906 1794 858 2000 1107
3 0.015087947851675998 1794 858 2000 1107
3 0.016589982810747417 1794 858 2000 1107
2 0.04200777047146387 607 222 816 444
2 0.006226216570051624 607 222 816 444
2 0.00609508666335884 607 222 816 444
2 0.02311434963319714 1513 854 1708 1104
2 0.015840036435951443 1513 854 1708 1104
2 0.015127247617870765 1513 854 1708 1104
2 0.020037906109382497 1789 648 2003 876
2 0.01335405884664631 1789 648 2003 876
2 0.016953265891568314 1789 648 2003 876
2 0.03518056408460413 315 426 515 668
2 0.007669968720807441 315 426 515 668
2 0.007149489546329879 315 426 515 668
2 0.019856130131359007 1487 1294 1718 1555
2 0.0140158409398905 1487 1294 1718 1555
2 0.012209714437139474 1487 1294 1718 1555
2 0.02020735822067099 1794 213 1996 456
2 0.010695207707316357 1794 213 1996 456
2 0.01437172018496824 1794 213 1996 456
2 0.028019508346329935 337 629 545 900
2 0.008402908001909848 337 629 545 900
2 0.008677822498006194 337 629 545 900
2 0.02291261100974684 1224 863 1383 1126
2 0.010907348865155486 1224 863 1383 1126
2 0.010343793788510969 1224 863 1383 1126
2 0.02970479425479655 632 844 821 1116
2 0.007827602242160558 632 844 821 1116
2 0.005799283751174611 632 844 821 1116
2 0.030388653725971437 336 189 520 443
2 0.006305374983218481 336 189 520 443
2 0.0065866013047339855 336 189 520 443
2 0.017801594368852314 1783 1084 2029 1331
2 0.01144881462662628 1783 1084 2029 1331
2 0.012947266774973265 1783 1084 2029 1331
2 0.016410906052689356 894 1305 1106 1549
2 0.014569265929206487 894 1305 1106 1549
2 0.009853905329174073 894 1305 1106 1549
2 0.030521696531158327 605 444 797 651
2 0.005024329440113107 605 444 797 651
2 0.018395314373619853 18 849 254 1126
2 0.00963132998643701 18 849 254 1126
2 0.009922368964054407 18 849 254 1126
3 0.01557612345960846 194 -247 1244 903
3 0.01143753162496064 194 -247 1244 903
3 0.010894776057999489 194 -247 1244 903
1 0.015147192577940727 1564 901 2230 1943
1 0.0093049831876455 1564 901 2230 1943
1 0.011549266517891565 1564 901 2230 1943
2 0.01830630340590389 894 -28 1123 235
2 0.007999335106956273 894 -28 1123 235
2 0.009228475132693426 894 -28 1123 235
1 0.012632545941693718 325 1293 538 1552
1 0.011457089977126578 325 1293 538 1552
1 0.010345102555228691 325 1293 538 1552
2 0.015117385135949846 1197 -17 1412 227
2 0.008183670469662507 1197 -17 1412 227
2 0.009710120086469098 1197 -17 1412 227
2 0.018650707833494096 45 416 224 667
2 0.006672051180794947 45 416 224 667
2 0.007543824239648389 45 416 224 667
2 0.02445337041454332 601 626 791 870
2 0.0166339527745748 597 -26 808 226
2 0.006783545755099846 597 -26 808 226
2 0.007115750028965834 597 -26 808 226
2 0.012379231254869616 1499 -29 1704 226
2 0.006893106573731433 1499 -29 1704 226
2 0.008692641164859793 1499 -29 1704 226
1 0.008878878965742298 29 1301 254 1564
1 0.006852407703094143 29 1301 254 1564
1 0.007165060898602638 29 1301 254 1564
3 0.006881465133469822 57 -21 252 245
3 0.006712357711578465 57 -21 252 245
2 0.007042476495223715 1806 -16 2005 234
2 0.005870052982059892 1806 -16 2005 234
