2 0.03595221693847517 1494 1074 1696 1345
2 0.025733302972317684 1494 1074 1696 1345
2 0.028815654419918513 1494 1074 1696 1345
3 0.030928162547123605 1001 682 1607 1729
3 0.030449147073536853 1001 682 1607 1729
3 0.02783586794109949 1001 682 1607 1729
2 0.04152685205536333 1197 1070 1394 1343
2 0.025480026680289036 1197 1070 1394 1343
2 0.020800194145106365 1197 1070 1394 1343
2 0.04768977371706695 1476 222 1711 465
2 0.015507826902204647 1476 222 1711 465
2 0.018275669163290487 1476 222 1711 465
2 0.044847097431537364 606 1081 824 1342
2 0.02189028783495406 606 1081 824 1342
2 0.014113471881031625 606 1081 824 1342
1 0.024976476345339726 1158 -408 2076 1076
1 0.023814759894202897 1158 -408 2076 1076
1 0.02167374524293386 1158 -408 2076 1076
2 0.03852177651250965 327 1051 530 1345
2 0.016702616469960185 327 1051 530 1345
2 0.012381890217129987 327 1051 530 1345
2 0.04025082566226912 1202 454 1441 667
2 0.011713090986619767 1202 454 1441 667
2 0.011934091751193976 1202 454 1441 667
2 0.023771458379861166 1487 872 1710 1111
2 0.016924240291610992 1487 872 1710 1111
2 0.019884238394371145 1487 872 1710 1111
2 0.029503501927101716 897 1089 1101 1338
2 0.018171248084196456 897 1089 1101 1338
2 0.011247702947450922 897 1089 1101 1338
2 0.037944006669327734 886 199 1119 466
2 0.009952487950735556 886 199 1119 466
2 0.007850151776652492 886 199 1119 466
2 0.03138392056272643 1471 440 1716 661
2 0.012287881748405893 1471 440 1716 661
2 0.010014496918821836 1471 440 1716 661
2 0.02844633992471901 1191 655 1384 892
2 0.012972741982624936 1191 655 1384 892
2 0.010755871528761063 1191 655 1384 892
2 0.022047937919010052 1503 653 1701 890
2 0.013894085104027787 1503 653 1701 890
2 0.014749559943314505 1503 653 1701 890
1 0.021909906749973618 473 634 986 1802
1 0.014734455948134273 473 634 986 1802
1 0.013875351790883728 473 634 986 1802
2 0.03763922234449768 617 185 791 478
2 0.005055595965601789 617 185 791 478
2 0.00732748947326578 617 185 791 478
2 0.022386760281509765 1783 456 2005 669
2 0.0122813436129654 1783 456 2005 669
2 0.013801500611707596 1783 456 2005 669
2 0.03616981251258755 337 180 524 457
2 0.005686425065404288 337 180 524 457
2 0.006554838287570197 337 180 524 457
2 0.03156243199731179 1220 220 1415 452
2 0.00800092539257502 1220 220 1415 452
2 0.008116034962244445 1220 220 1415 452
2 0.020813333892089503 -24 696 321 1272
2 0.013666248852013396 -24 696 321 1272
2 0.010688755442861186 -24 696 321 1272
2 0.03290406791240885 307 437 520 667
2 0.006214968466614401 307 437 520 667
2 0.005085249863902408 307 437 520 667
2 0.0237031937165888 1798 209 2010 451
2 0.008002983805630581 1798 209 2010 451
2 0.01178712250602576 1798 209 2010 451
2 0.026253713788823685 622 837 828 1121
2 0.009936321285273053 622 837 828 1121
2 0.007053024743915004 622 837 828 1121
3 0.0166649134513277 1718 729 2074 1259
3 0.011213436968515178 1718 729 2074 1259
3 0.01531395668902702 1718 729 2074 1259
2 0.027399143795255876 883 419 1131 672
2 0.007882653478085533 883 419 1131 672
2 0.0070615149398818855 883 419 1131 672
2 0.022635012452707937 37 198 249 465
2 0.0069256354788362895 37 198 249 465
2 0.008283333091409162 37 198 249 465
2 0.024524878395986827 319 624 565 907
2 0.007491828371466169 319 624 565 907
2 0.005811756729880768 319 624 565 907
1 0.01568937808534987 735 -244 1317 889
1 0.009220405521600805 735 -244 1317 889
1 0.012443779890211726 735 -244 1317 889
2 0.02181911993061947 923 650 1096 895
2 0.007398426668822344 923 650 1096 895
2 0.007729193401998236 923 650 1096 895
2 0.02233562337787376 32 421 243 692
2 0.006113078837704677 32 421 243 692
2 0.006499328050704578 32 421 243 692
2 0.01224871016383744 182 -214 720 836
2 0.009632987695050721 182 -214 720 836
2 0.01192678409689285 182 -214 720 836
2 0.022215156940606162 625 647 798 873
2 0.005969374648038761 625 647 798 873
2 0.00555275010320655 625 647 798 873
2 0.01656113414945093 921 -17 1123 238
2 0.008624989760562807 921 -17 1123 238
2 0.007775503947598517 921 -17 1123 238
2 0.0168445324124038 1229 876 1403 1112
2 0.01008756981547676 1229 876 1403 1112
2 0.005958043487896858 1229 876 1403 1112
2 0.023496529636597874 606 436 805 664
2 0.018114301582583647 608 -25 825 224
2 0.00608988673733632 608 -25 825 224
2 0.006362979462374296 608 -25 825 224
2 0.0102203482431647 1738 1157 2102 1703
2 0.007923471832581519 1738 1157 2102 1703
2 0.00847397408383882 1738 1157 2102 1703
2 0.01288796795267011 1218 -25 1420 247
2 0.005808262525533292 1218 -25 1420 247
2 0.01061688161494545 1507 -26 1734 238
2 0.006123962773622038 1507 -26 1734 238
2 0.008751345364619412 49 -26 262 239
2 0.005167952013779009 49 -26 262 239
2 0.005599440070726713 49 -26 262 239
1 0.007160585155214116 31 1306 245 1562
1 0.00528348662903988 31 1306 245 1562
1 0.005747984782222826 31 1306 245 1562
2 0.006999656573577484 1807 -12 2032 229
2 0.005283026337170593 1807 -12 2032 229
