2 0.051710659298502826 1487 434 1717 672
2 0.03572971026841287 1487 434 1717 672
2 0.046217309394838146 1487 434 1717 672
2 0.06112360171177311 612 861 848 1110
2 0.028077274044684186 612 861 848 1110
2 0.03281450361280158 612 861 848 1110
2 0.05230005243131419 1206 421 1408 690
2 0.026435831956957423 1206 421 1408 690
2 0.041820118160720954 1206 421 1408 690
3 0.040909611608594076 994 45 1632 1062
3 0.03679410775065506 994 45 1632 1062
3 0.036851739799036 994 45 1632 1062
2 0.05645562554226391 1224 1088 1399 1326
2 0.030234697852645986 1224 1088 1399 1326
2 0.026175434163860256 1224 1088 1399 1326
2 0.04985633888861951 938 647 1101 912
2 0.030126874008836957 938 647 1101 912
2 0.02986120348247212 938 647 1101 912
3 0.04007613328938575 642 428 810 660
3 0.023748153234462333 642 428 810 660
3 0.03574237432987548 642 428 810 660
2 0.04480381694786928 1493 1073 1698 1342
2 0.025586746707659813 1493 1073 1698 1342
2 0.02385988255976912 1493 1073 1698 1342
2 0.051597824877220866 907 1089 1135 1336
2 0.016014392163384406 907 1089 1135 1336
2 0.02024813494120814 907 1089 1135 1336
1 0.030874523165272283 428 489 1030 1504
1 0.025807606477253442 428 489 1030 1504
1 0.03027449543291505 428 489 1030 1504
2 0.037111759044135884 941 208 1110 450
2 0.016126973276606726 941 208 1110 450
2 0.032541721784978606 941 208 1110 450
2 0.037406329326020504 338 854 541 1129
2 0.018656227449985963 338 854 541 1129
2 0.02873306976881551 338 854 541 1129
2 0.03310946654873992 1507 633 1701 879
2 0.022495167665923965 1507 633 1701 879
2 0.029145618166287912 1507 633 1701 879
2 0.03751670509610672 324 1078 534 1337
2 0.021658795778077833 324 1078 534 1337
2 0.02522650152001482 324 1078 534 1337
2 0.036845207781056155 1214 665 1390 873
2 0.01757828337502043 1214 665 1390 873
2 0.026998368406320417 1214 665 1390 873
2 0.04501262089738223 620 1080 847 1342
2 0.017360973412802183 620 1080 847 1342
2 0.018358619566426926 620 1080 847 1342
2 0.03797119155592221 1202 856 1395 1109
2 0.016177555033263347 1202 856 1395 1109
2 0.02527613030524911 1202 856 1395 1109
3 0.03166773491456443 640 196 837 462
3 0.014600617183483378 640 196 837 462
3 0.031007471974499712 640 196 837 462
2 0.03496606004273928 1511 209 1700 451
2 0.015176317117980398 1511 209 1700 451
2 0.024866663373776632 1511 209 1700 451
2 0.027983564838476305 328 412 544 697
2 0.016402684834063708 328 412 544 697
2 0.027583933221787316 328 412 544 697
2 0.034561260185466125 1194 204 1407 465
2 0.012127134832735198 1194 204 1407 465
2 0.021849033956903963 1194 204 1407 465
2 0.0281039597081576 920 1302 1127 1564
2 0.019518874299484512 920 1302 1127 1564
2 0.016106500688253256 920 1302 1127 1564
2 0.028796414701590667 1491 872 1711 1105
2 0.015957108794148578 1491 872 1711 1105
2 0.018056411334630207 1491 872 1711 1105
2 0.020867919864649864 1793 1091 2029 1319
2 0.01687876650885911 1793 1091 2029 1319
2 0.019606912470113147 1793 1091 2029 1319
3 0.021031331980378876 1773 651 2010 880
3 0.015460409441454437 1773 651 2010 880
3 0.018939676277707207 1773 651 2010 880
2 0.025851549869864154 1203 1300 1420 1560
2 0.01633905964133131 1203 1300 1420 1560
2 0.01234082656471247 1203 1300 1420 1560
1 0.02243962900297103 1559 3 2221 1105
1 0.01328991401316898 1559 3 2221 1105
1 0.01797984928871843 1559 3 2221 1105
1 0.019761023179548642 1311 856 1896 1972
1 0.01897114730992744 1311 856 1896 1972
1 0.014526779125851874 1311 856 1896 1972
3 0.021823075713157225 1786 433 1988 649
3 0.01543137980496967 1786 433 1988 649
3 0.01579946212667427 1786 433 1988 649
2 0.018903065833089983 1776 856 2003 1110
2 0.013401902510712493 1776 856 2003 1110
2 0.015971726571590628 1776 856 2003 1110
2 0.016473126597876253 615 1293 841 1560
2 0.014412616063399719 615 1293 841 1560
2 0.012528908548713136 615 1293 841 1560
2 0.015018173225240572 1786 1309 2004 1552
2 0.014663350769113181 1786 1309 2004 1552
2 0.012687501433672366 1786 1309 2004 1552
2 0.016880451418358366 43 856 246 1123
2 0.009904601777001365 43 856 246 1123
2 0.011224092630196303 43 856 246 1123
2 0.016433293383576686 925 -23 1132 228
2 0.008994887247087635 925 -23 1132 228
2 0.012100833979522108 925 -23 1132 228
2 0.014878358343399345 1236 -14 1416 224
2 0.009335823276547917 1236 -14 1416 224
2 0.010941547887133307 1236 -14 1416 224
3 0.013772098051234027 -185 214 486 1339
3 0.011859119959887976 -185 214 486 1339
3 0.009155209171646028 -185 214 486 1339
2 0.012003859033188347 344 1289 548 1566
2 0.01097277205584779 344 1289 548 1566
2 0.011700698282018918 344 1289 548 1566
3 0.012853257949368424 1790 189 1985 456
3 0.008541629005592521 1790 189 1985 456
3 0.012400451169075843 1790 189 1985 456
1 0.011069861590043695 358 -397 1107 626
1 0.007739851876991666 358 -397 1107 626
1 0.008943766103322315 358 -397 1107 626
3 0.009807951375812085 51 402 243 679
3 0.007099025699225381 51 402 243 679
3 0.009306998548212542 51 402 243 679
2 0.009650299108085458 631 -37 818 248
2 0.005816687078663563 631 -37 818 248
2 0.008884769381531377 631 -37 818 248
2 0.010096372757099181 1517 -24 1721 240
2 0.005746593595656879 1517 -24 1721 240
2 0.008374419865113003 1517 -24 1721 240
2 0.007475408623422941 335 -27 550 244
2 0.005028987827006504 335 -27 550 244
2 0.005688797354737513 22 1294 259 1556
2 0.0050670515845000486 22 1294 259 1556
2 0.005646495090414927 1794 -27 1993 238
