3 0.05051458782630802 1138 268 1507 841
3 0.032558289809326846 1138 268 1507 841
3 0.02939066853940786 1138 268 1507 841
2 0.053982685825128884 923 645 1110 901
2 0.027464557188451755 923 645 1110 901
2 0.03082934500088519 923 645 1110 901
3 0.039839492725915804 592 478 885 1058
3 0.03605333526085719 592 478 885 1058
3 0.03255219377503238 592 478 885 1058
2 0.04138252670756781 328 637 534 902
2 0.02709770333270267 328 637 534 902
2 0.03311314074286087 328 637 534 902
2 0.06006529281213702 623 1060 833 1351
2 0.020388503336417285 623 1060 833 1351
2 0.020802440285428547 623 1060 833 1351
2 0.044471990554201035 927 434 1117 688
2 0.019848479612482706 927 434 1117 688
2 0.03339148037385886 927 434 1117 688
2 0.04740013589379899 1498 1074 1704 1343
2 0.022475488615829153 1498 1074 1704 1343
2 0.024281043080513154 1498 1074 1704 1343
2 0.03890577672572837 1319 695 1871 1725
2 0.02985441780048248 1319 695 1871 1725
2 0.024565202448197265 1319 695 1871 1725
2 0.04579298330182091 337 1072 562 1348
2 0.02216551271113254 337 1072 562 1348
2 0.021219580534757476 337 1072 562 1348
2 0.037552238761939805 1501 422 1696 671
2 0.01737478791230629 1501 422 1696 671
2 0.034132571254545496 1501 422 1696 671
2 0.04664947920856788 1229 1081 1390 1321
2 0.021766942908000964 1229 1081 1390 1321
2 0.0173300835275515 1229 1081 1390 1321
2 0.04637093871542142 904 1071 1114 1355
2 0.015609816165930379 904 1071 1114 1355
2 0.0199545590010195 904 1071 1114 1355
2 0.0409134863286309 335 863 547 1120
2 0.020776908096860947 335 863 547 1120
2 0.019517809867514613 335 863 547 1120
2 0.032089529951423 1516 640 1715 883
2 0.021277958327880153 1516 640 1715 883
2 0.027180534987846006 1516 640 1715 883
2 0.037943321576610956 1208 849 1405 1119
2 0.015859318881203954 1208 849 1405 1119
2 0.026155024746556066 1208 849 1405 1119
2 0.037741592396731916 1494 874 1719 1098
2 0.021324706478870414 1494 874 1719 1098
2 0.01929424099946009 1494 874 1719 1098
2 0.03717979295486118 935 227 1125 441
2 0.01552441913455005 935 227 1125 441
2 0.022966477940087993 935 227 1125 441
1 0.028096455959225608 92 684 801 1756
1 0.020087174275662534 92 684 801 1756
1 0.022802519344811145 92 684 801 1756
3 0.026595796898841506 1807 1098 2028 1324
3 0.01804571398119581 1807 1098 2028 1324
3 0.025737616406583008 1807 1098 2028 1324
3 0.03204035027501306 1720 485 2102 1064
3 0.01640052919048829 1720 485 2102 1064
3 0.017337904988367514 1720 485 2102 1064
2 0.02742853083648278 313 420 552 679
2 0.011076880553853252 313 420 552 679
2 0.021327415757994572 313 420 552 679
2 0.02378947846820012 1509 208 1702 438
2 0.01231392051050001 1509 208 1702 438
2 0.021490415484183734 1509 208 1702 438
2 0.025329393386338106 1202 1298 1396 1556
2 0.017568954202879294 1202 1298 1396 1556
2 0.014472268380995246 1202 1298 1396 1556
2 0.021629282006106476 645 214 820 472
2 0.011569307939088502 645 214 820 472
2 0.01886118341052745 645 214 820 472
2 0.019495734430476253 593 1303 850 1564
2 0.0158654713028048 593 1303 850 1564
2 0.013427607732219182 593 1303 850 1564
1 0.017421179741320403 1780 1309 2014 1553
1 0.01705498245072601 1780 1309 2014 1553
1 0.013135022226155035 1780 1309 2014 1553
1 0.020256980426698323 83 -167 789 856
1 0.011940545014561543 83 -167 789 856
1 0.013856261369746825 83 -167 789 856
3 0.017216279743378138 327 193 543 465
3 0.013189164940353049 327 193 543 465
3 0.015557996776503935 327 193 543 465
2 0.01531882281879171 725 930 1338 1909
2 0.014737468253183117 725 930 1338 1909
2 0.011197417230999873 725 930 1338 1909
2 0.017203466824848745 39 861 252 1114
2 0.010332464519273832 39 861 252 1114
2 0.013296013200904566 39 861 252 1114
1 0.015443728948401514 703 -370 1350 592
1 0.011494176227163422 703 -370 1350 592
1 0.009980136714219157 703 -370 1350 592
2 0.015248492272562086 1216 -28 1432 236
2 0.008602502056843653 1216 -28 1432 236
2 0.011606263908708891 1216 -28 1432 236
3 0.01346255279997699 1777 191 1974 430
3 0.008597337253297699 1777 191 1974 430
3 0.012074194133631755 1777 191 1974 430
2 0.012446211078979585 935 -34 1125 229
2 0.00667926584813372 935 -34 1125 229
2 0.008804525732445945 935 -34 1125 229
2 0.011312770694816843 31 423 249 673
2 0.006612274853685096 31 423 249 673
2 0.00953726367789176 31 423 249 673
2 0.011728342638362754 646 -24 821 228
2 0.005650928399449029 646 -24 821 228
2 0.008803274613233825 646 -24 821 228
2 0.00960080592429291 347 -29 539 242
2 0.005171693726009341 347 -29 539 242
2 0.009055418933684445 347 -29 539 242
3 0.009079435650091727 53 202 229 473
3 0.005170757774140833 53 202 229 473
3 0.008962229432085689 53 202 229 473
1 0.008700036104893394 1592 -435 2225 669
1 0.005068153141280396 1592 -435 2225 669
1 0.006498056149739584 1592 -435 2225 669
2 0.007632789644915539 1501 -26 1698 220
2 0.006778016904681605 1501 -26 1698 220
2 0.005966474813485778 1788 -28 1993 237
2 0.005236140810328527 1788 -28 1993 237
2 0.005232372728975754 61 -31 246 231
