1 0.041270713981797824 1241 52 1996 1061
1 0.03621653548172166 1241 52 1996 1061
1 0.039050847007966016 1241 52 1996 1061
2 0.06085590531141749 924 409 1119 711
2 0.018063740813247242 924 409 1119 711
2 0.030655813379097063 924 409 1119 711
2 0.04193920507736637 1500 422 1711 657
2 0.0242850387324427 1500 422 1711 657
2 0.0353444415687012 1500 422 1711 657
2 0.04225242917736516 1215 422 1417 685
2 0.022792286517387517 1215 422 1417 685
2 0.03576475857054029 1215 422 1417 685
2 0.035613557406885654 638 421 842 680
2 0.02591696927100795 638 421 842 680
2 0.035507627714403744 638 421 842 680
2 0.03731829602958303 336 639 543 915
2 0.024812212870787942 336 639 543 915
2 0.03166683953932248 336 639 543 915
2 0.04496801907441195 331 1074 550 1348
2 0.023826186247682513 331 1074 550 1348
2 0.022085209925363225 331 1074 550 1348
2 0.04743776989605042 892 662 1119 900
2 0.02263208980993303 892 662 1119 900
2 0.01932487493584767 892 662 1119 900
1 0.032607442076053594 680 47 1364 1075
1 0.02749027797976722 680 47 1364 1075
1 0.028970891236165475 680 47 1364 1075
2 0.03856174264849965 1501 633 1713 868
2 0.021192159862377213 1501 633 1713 868
2 0.02744373038598802 1501 633 1713 868
2 0.03616067415181945 636 648 807 898
2 0.02285860977371268 636 648 807 898
2 0.026354681416096426 636 648 807 898
2 0.04922280631883735 608 848 799 1125
2 0.014689160099035536 608 848 799 1125
2 0.02091573234931232 608 848 799 1125
2 0.04677123859843357 1203 865 1408 1125
2 0.01842905567372055 1203 865 1408 1125
2 0.018124232475176028 1203 865 1408 1125
3 0.0340155512107263 335 423 552 673
3 0.01714869881175818 335 423 552 673
3 0.031475377136157334 335 423 552 673
2 0.03485906027373975 1505 878 1719 1103
2 0.023180296139302392 1505 878 1719 1103
2 0.022950501171498106 1505 878 1719 1103
2 0.0368682111181351 1207 206 1415 440
2 0.017006536111213277 1207 206 1415 440
2 0.02699163550164796 1207 206 1415 440
1 0.02814772661135878 93 723 787 1708
1 0.023695500951274484 93 723 787 1708
1 0.027217885735306035 93 723 787 1708
2 0.037826650038724985 1528 1085 1723 1327
2 0.01784684178004703 1528 1085 1723 1327
2 0.020454548502580217 1528 1085 1723 1327
2 0.03434840492824387 1215 661 1416 901
2 0.019149982257018472 1215 661 1416 901
2 0.021834360969519295 1215 661 1416 901
3 0.02781504082253683 627 202 829 466
3 0.015524467100192396 627 202 829 466
3 0.02718214687749665 627 202 829 466
2 0.026439128723974026 1493 209 1683 460
2 0.017126762832497255 1493 209 1683 460
2 0.02502255256602859 1493 209 1683 460
2 0.03844551659346607 897 1079 1125 1337
2 0.015619162893698135 897 1079 1125 1337
2 0.01317205692965251 897 1079 1125 1337
2 0.02093806700821066 1805 1088 2028 1332
2 0.020214480337204743 1805 1088 2028 1332
2 0.020194276038546954 1805 1088 2028 1332
2 0.02310018386858881 1804 867 2024 1113
2 0.015608308504770463 1804 867 2024 1113
2 0.019265205677991948 1804 867 2024 1113
1 0.022485994659717012 1502 1303 1694 1554
1 0.020177883995298074 1502 1303 1694 1554
1 0.014856289395507427 1502 1303 1694 1554
2 0.019763593997261353 1005 776 1640 2069
2 0.01938046032127816 1005 776 1640 2069
2 0.017238953636505183 1005 776 1640 2069
2 0.026193913645393474 929 1292 1113 1568
2 0.016402693435592086 929 1292 1113 1568
2 0.010441193604148968 929 1292 1113 1568
2 0.017964132986987735 1790 444 1991 651
2 0.012744733761562266 1790 444 1991 651
2 0.01666328210416035 1790 444 1991 651
3 0.017425388086099503 1797 653 2014 881
3 0.013024781024937315 1797 653 2014 881
3 0.016727963805111656 1797 653 2014 881
2 0.02119199278015582 1207 1296 1412 1556
2 0.015555254831835619 1207 1296 1412 1556
2 0.009764806884060784 1207 1296 1412 1556
2 0.018407103756568732 642 1280 844 1576
2 0.014501925052037734 642 1280 844 1576
2 0.010401501029739024 642 1280 844 1576
2 0.01813040567971491 327 213 547 455
2 0.00927298594143422 327 213 547 455
2 0.0149196513474531 327 213 547 455
1 0.016108212202456507 128 -174 773 840
1 0.010529589802883765 128 -174 773 840
1 0.013481233692777539 128 -174 773 840
2 0.0161267028151586 39 1067 244 1343
2 0.010291582757673945 39 1067 244 1343
2 0.013599729036981145 39 1067 244 1343
3 0.01296926186437608 1782 205 1986 432
3 0.009480438349033227 1782 205 1986 432
3 0.012758507459669666 1782 205 1986 432
2 0.014583101012622723 1209 -25 1416 239
2 0.008660551328176558 1209 -25 1416 239
2 0.01140850782624625 1209 -25 1416 239
3 0.012855578995628392 1580 878 2227 1996
3 0.011649748286228778 1580 878 2227 1996
3 0.009397110223341443 1580 878 2227 1996
2 0.016336355002752434 50 858 257 1110
2 0.0072312547486994005 50 858 257 1110
2 0.009990985674055652 50 858 257 1110
2 0.013869113595508242 923 -17 1121 229
2 0.008127107553157487 923 -17 1121 229
2 0.011518241262737927 923 -17 1121 229
2 0.012354620355427559 1781 1307 2000 1537
2 0.009576175377950247 1781 1307 2000 1537
2 0.009127872419868455 1781 1307 2000 1537
2 0.013378902619862298 33 633 258 906
2 0.0067188767624320744 33 633 258 906
2 0.009558292180477823 33 633 258 906
2 0.01193678762843653 625 -17 820 230
2 0.006014371470135782 625 -17 820 230
2 0.008758110235665417 625 -17 820 230
3 0.010129373290249766 46 409 232 683
3 0.006027187525416311 46 409 232 683
3 0.009513591341879013 46 409 232 683
2 0.010356970308925684 1495 -29 1710 243
2 0.006047360688354736 1495 -29 1710 243
2 0.008071116067750184 1495 -29 1710 243
2 0.00913056404149154 348 -21 554 243
2 0.005813337267289581 348 -21 554 243
2 0.008342621641651726 348 -21 554 243
2 0.007153966730908623 31 198 236 456
2 0.0067634600430380165 31 198 236 456
1 0.005887640437554409 26 1297 262 1546
1 0.005421636682933717 26 1297 262 1546
1 0.005159965421577317 26 1297 262 1546
2 0.0059279653344486705 1791 -23 2004 235
2 0.005421099586437772 1791 -23 2004 235
