3 0.04521907346141818 637 408 807 701
3 0.029448096304940163 637 408 807 701
3 0.04113728985925702 637 408 807 701
3 0.042820643834795336 1147 231 1504 853
3 0.028899091349565253 1147 231 1504 853
3 0.028908526065054563 1147 231 1504 853
2 0.040728944781684984 934 432 1105 690
2 0.01772280571464835 934 432 1105 690
2 0.03726239391236952 934 432 1105 690
3 0.04607016222975768 1448 270 1806 853
3 0.02965920377248099 1448 270 1806 853
3 0.01967251251568336 1448 270 1806 853
2 0.04246421933395128 927 213 1117 442
2 0.019400855875784884 927 213 1117 442
2 0.03220192884804374 927 213 1117 442
2 0.052891334028391856 1207 1081 1397 1326
2 0.01955191175467108 1207 1081 1397 1326
2 0.016887747809676168 1207 1081 1397 1326
2 0.039118662527944936 617 648 852 907
2 0.019656603333060074 617 648 852 907
2 0.027833884209219617 617 648 852 907
2 0.04616969258065673 607 868 829 1096
2 0.017695477152856243 607 868 829 1096
2 0.018982431697385893 607 868 829 1096
2 0.03640142542145686 318 644 532 910
2 0.02000780925102319 318 644 532 910
2 0.024513401148702485 318 644 532 910
2 0.04002473786454175 919 656 1105 893
2 0.01965938847345683 919 656 1105 893
2 0.019816073210904506 919 656 1105 893
2 0.03002996438388572 1318 679 1897 1725
2 0.026082838625331117 1318 679 1897 1725
2 0.019170401746470667 1318 679 1897 1725
2 0.030222051342537748 1492 864 1723 1093
2 0.02461718802989621 1492 864 1723 1093
2 0.020335069940863315 1492 864 1723 1093
2 0.03574194317121382 1502 1073 1717 1330
2 0.02164532268762187 1502 1073 1717 1330
2 0.017705173500139892 1502 1073 1717 1330
2 0.03918154771494731 336 1077 556 1332
2 0.017366724365322384 336 1077 556 1332
2 0.017844781236385998 336 1077 556 1332
2 0.04487119704100673 894 1079 1114 1340
2 0.012673900156849105 894 1079 1114 1340
2 0.015529843852780445 894 1079 1114 1340
2 0.024581011062641434 233 -113 1233 1234
2 0.022499389870602737 233 -113 1233 1234
2 0.024222649507123606 233 -113 1233 1234
2 0.03925601526308231 610 1075 833 1345
2 0.013143854315599501 610 1075 833 1345
2 0.017404038888610973 610 1075 833 1345
2 0.029363326808152124 642 213 830 453
2 0.01099931970129786 642 213 830 453
2 0.019972364679757604 642 213 830 453
2 0.025930066541579477 948 1298 1122 1552
2 0.016606006062417467 948 1298 1122 1552
2 0.01319575831276032 948 1298 1122 1552
2 0.03417120424773157 1190 867 1411 1107
2 0.010631306342587798 1190 867 1411 1107
2 0.010561135799089516 1190 867 1411 1107
2 0.021757490358497722 1800 1084 2030 1332
2 0.014049831848010785 1800 1084 2030 1332
2 0.0186316599523908 1800 1084 2030 1332
2 0.021980743655565016 1773 864 2025 1116
2 0.01505330746443212 1773 864 2025 1116
2 0.01643360257177151 1773 864 2025 1116
2 0.022254396584039382 1781 645 2009 872
2 0.01399141985481911 1781 645 2009 872
2 0.017178366840417403 1781 645 2009 872
2 0.03201269015750752 912 874 1084 1110
2 0.00837614169318529 912 874 1084 1110
2 0.010344075813083276 912 874 1084 1110
2 0.018556080402916564 1486 1287 1693 1575
2 0.01663033446409945 1486 1287 1693 1575
2 0.01208104587460701 1486 1287 1693 1575
3 0.017557313720049872 1787 442 1995 652
3 0.012820842193352111 1787 442 1995 652
3 0.015923506043007185 1787 442 1995 652
2 0.018577273359626778 339 217 549 463
2 0.010094171490487414 339 217 549 463
2 0.017142303265596626 339 217 549 463
2 0.01807536502340945 726 902 1304 1943
2 0.014622637431482843 726 902 1304 1943
2 0.012367486211403711 726 902 1304 1943
1 0.016455799619691458 1785 1311 2022 1544
1 0.016272415521561667 1785 1311 2022 1544
1 0.0120905637854406 1785 1311 2022 1544
2 0.01835396046933946 1206 1311 1418 1564
2 0.013257735612833832 1206 1311 1418 1564
2 0.00800197610893505 1206 1311 1418 1564
3 0.015554757304995559 -122 479 417 1513
3 0.015218006477580759 -122 479 417 1513
3 0.008636154687567954 -122 479 417 1513
2 0.017075081008789184 605 1295 847 1569
2 0.011168133626227927 605 1295 847 1569
2 0.008167966457245157 605 1295 847 1569
3 0.013758887005817177 1792 194 1986 449
3 0.008710550068884215 1792 194 1986 449
3 0.013214892515032939 1792 194 1986 449
2 0.012336150472703977 1207 -18 1420 232
2 0.009318316778329061 1207 -18 1420 232
2 0.011900938826011953 1207 -18 1420 232
2 0.01345171491480135 64 632 242 931
2 0.008288660136063053 64 632 242 931
2 0.011715745090639995 64 632 242 931
2 0.011827522896958875 324 1295 526 1569
2 0.010152303902055682 324 1295 526 1569
2 0.010470208415409576 324 1295 526 1569
2 0.012894161340041066 918 -39 1119 231
2 0.008282116605481171 918 -39 1119 231
2 0.00999447860820979 918 -39 1119 231
2 0.011107029569024485 26 414 253 680
2 0.00799796908596434 26 414 253 680
2 0.009717329236668737 26 414 253 680
3 0.010625657898022056 1509 -36 1700 246
3 0.006765657836704131 1509 -36 1700 246
3 0.009373700039196464 1509 -36 1700 246
2 0.009448261801576763 631 -9 849 228
2 0.005396233577623588 631 -9 849 228
2 0.006407881579527486 631 -9 849 228
2 0.008311481389418951 340 -21 554 239
2 0.00567665052780697 340 -21 554 239
1 0.007994338792086775 1591 -381 2223 603
1 0.005465009218674433 1591 -381 2223 603
2 0.006009034865523399 1797 -28 1989 240
2 0.005168981116742799 1797 -28 1989 240
2 0.005008903823482125 26 1293 257 1543
