3 0.04205522769352488 1289 14 1934 1107
3 0.03739858068873003 1289 14 1934 1107
3 0.036518873913346184 1289 14 1934 1107
2 0.04908896788085948 1516 430 1725 685
2 0.026271419406173724 1516 430 1725 685
2 0.038842652591482896 1516 430 1725 685
3 0.04763326427739556 637 423 829 695
3 0.02645272412367583 637 423 829 695
3 0.0389410932060863 637 423 829 695
2 0.044340561917368015 321 650 546 886
2 0.027429390730336456 321 650 546 886
2 0.027891518322122888 321 650 546 886
2 0.040335366850134946 1223 407 1404 691
2 0.02159299599154174 1223 407 1404 691
2 0.03144034624569514 1223 407 1404 691
2 0.03793542045050069 1502 211 1711 439
2 0.02420023052155651 1502 211 1711 439
2 0.02820706441051879 1502 211 1711 439
2 0.04013136084397573 921 204 1126 469
2 0.019185786040640807 921 204 1126 469
2 0.028231166031295274 921 204 1126 469
2 0.03858729349558998 619 662 833 899
2 0.020929984328046936 619 662 833 899
2 0.02772585836965935 619 662 833 899
2 0.04590336111924387 903 671 1119 882
2 0.016402305177403598 903 671 1119 882
2 0.023485741440616437 903 671 1119 882
1 0.02928154608715361 719 -197 1347 860
1 0.02781910992157477 719 -197 1347 860
1 0.026965412102152753 719 -197 1347 860
2 0.04862909341880384 315 1070 551 1355
2 0.017406666658173475 315 1070 551 1355
2 0.017862360801631505 315 1070 551 1355
2 0.041689986575658367 1209 222 1411 451
2 0.016928037064984358 1209 222 1411 451
2 0.023485118234969127 1209 222 1411 451
2 0.03058868946193849 1783 842 2012 1123
2 0.019958155424517177 1783 842 2012 1123
2 0.028156300161660264 1783 842 2012 1123
2 0.04840716429312941 622 1070 827 1332
2 0.010300791440687185 622 1070 827 1332
2 0.0159122188714389 622 1070 827 1332
1 0.029540307133015364 87 268 805 1266
1 0.017427925473853634 87 268 805 1266
1 0.025802029836264007 87 268 805 1266
2 0.05146206070874726 1207 1090 1398 1332
2 0.010704798678486505 1207 1090 1398 1332
2 0.01054562163464734 1207 1090 1398 1332
2 0.03646780082447254 1211 662 1390 910
2 0.01377894042519201 1211 662 1390 910
2 0.02215440873253227 1211 662 1390 910
2 0.02867918173319106 1496 864 1701 1121
2 0.02155882366196238 1496 864 1701 1121
2 0.021445354594866295 1496 864 1701 1121
2 0.028674463588360233 331 424 544 687
2 0.015670355793149682 331 424 544 687
2 0.025674153371837427 331 424 544 687
2 0.030593206933815065 1483 638 1724 892
2 0.016105776676560657 1483 638 1724 892
2 0.018815616204200136 1483 638 1724 892
2 0.03716138277590275 331 854 527 1121
2 0.01075977758962976 331 854 527 1121
2 0.015202498874529402 331 854 527 1121
2 0.04044229651861375 918 1049 1122 1346
2 0.009100684178674712 918 1049 1122 1346
2 0.01285511770581338 918 1049 1122 1346
2 0.023327157562456624 1808 1073 2030 1322
2 0.017736375606313137 1808 1073 2030 1322
2 0.019717703569196776 1808 1073 2030 1322
2 0.030362038057218044 1515 1090 1709 1330
2 0.011569893969993084 1515 1090 1709 1330
2 0.013634924403762128 1515 1090 1709 1330
2 0.02771093723386353 936 1312 1118 1579
2 0.014801984693932901 936 1312 1118 1579
2 0.011446676582456905 936 1312 1118 1579
2 0.031016898163222617 612 866 839 1110
2 0.00683375576302786 612 866 839 1110
2 0.010791286239565434 612 866 839 1110
2 0.0206441749483548 1500 1300 1723 1573
2 0.015273123315974857 1500 1300 1723 1573
2 0.010786211026134418 1500 1300 1723 1573
1 0.01711625652195392 -13 957 300 1450
1 0.015936729675569028 -13 957 300 1450
1 0.013451513669901383 -13 957 300 1450
2 0.022596378142370255 634 1298 843 1560
2 0.012768098336070066 634 1298 843 1560
2 0.010218948107123316 634 1298 843 1560
3 0.018320014361115855 1779 429 1989 655
3 0.01258149076804349 1779 429 1989 655
3 0.013742590938740196 1779 429 1989 655
3 0.0186420944800203 326 206 534 467
3 0.009319589498128777 326 206 534 467
3 0.015420755137756093 326 206 534 467
2 0.015668414872067826 1019 790 1618 2033
2 0.014656862414553995 1019 790 1618 2033
2 0.01200573774405922 1019 790 1618 2033
2 0.023605834397391945 1205 1299 1409 1567
2 0.012875909671304697 1205 1299 1409 1567
2 0.015474745413368907 1772 201 1979 444
2 0.010208245391469362 1772 201 1979 444
2 0.014554209909428018 1772 201 1979 444
3 0.013460216137050507 1808 634 1994 881
3 0.01221654191237187 1808 634 1994 881
3 0.012017599286145098 1808 634 1994 881
2 0.013506193552145662 1790 1312 2006 1544
2 0.011225170080117919 1790 1312 2006 1544
2 0.011857428125558456 1790 1312 2006 1544
2 0.015001404148519804 1227 -28 1426 231
2 0.007509587918388405 1227 -28 1426 231
2 0.011766120246514689 1227 -28 1426 231
3 0.012567849624541383 1577 890 2247 1982
3 0.012309611249150532 1577 890 2247 1982
3 0.0078037924206754705 1577 890 2247 1982
2 0.0125072909364623 44 624 258 913
2 0.006657067165363184 44 624 258 913
2 0.009283948770074657 44 624 258 913
2 0.011550696812619332 907 -17 1134 227
2 0.0065965314910871875 907 -17 1134 227
2 0.007291445490563042 907 -17 1134 227
2 0.009010492845959561 1498 -23 1721 235
2 0.007159784020679183 1498 -23 1721 235
2 0.007894043523025973 49 197 238 472
2 0.005449347594537579 49 197 238 472
2 0.007307511030000657 49 197 238 472
2 0.008267197551267313 328 -19 548 244
2 0.006121436785065715 328 -19 548 244
2 0.007662007473527299 611 -12 842 228
2 0.006277088304948442 611 -12 842 228
2 0.006265517149523281 1796 -25 2006 237
2 0.005655792915927826 1796 -25 2006 237
