3 0.04138017748260392 647 431 823 688
3 0.027704919561889474 647 431 823 688
3 0.04097029414629194 647 431 823 688
2 0.0479053390129458 316 640 541 896
2 0.025973125723086632 316 640 541 896
2 0.029522030811008904 316 640 541 896
2 0.04067275087266431 547 -386 1484 1047
2 0.028403410892281045 547 -386 1484 1047
2 0.030869921366720288 547 -386 1484 1047
2 0.047720182439778824 917 671 1112 888
2 0.02078321765055602 917 671 1112 888
2 0.022530714270474483 917 671 1112 888
2 0.03837739496889769 922 195 1103 476
2 0.018798329437751615 922 195 1103 476
2 0.030437545280049605 922 195 1103 476
2 0.041657234408641663 614 649 831 903
2 0.022242875030409337 614 649 831 903
2 0.021933276147687586 614 649 831 903
2 0.03807100070625191 1504 436 1719 675
2 0.017677343821478342 1504 436 1719 675
2 0.02885300548755021 1504 436 1719 675
2 0.045408284818115874 327 1071 545 1355
2 0.016583803326142288 327 1071 545 1355
2 0.017604555279575607 327 1071 545 1355
1 0.0294275035880025 144 680 732 1777
1 0.02452037679749397 144 680 732 1777
1 0.02428334766118212 144 680 732 1777
1 0.028387212109700855 1319 -9 1921 1129
1 0.023916664266453225 1319 -9 1921 1129
1 0.025748344026437664 1319 -9 1921 1129
2 0.036622392183438546 1212 212 1419 469
2 0.0156740508348574 1212 212 1419 469
2 0.022874322788690726 1212 212 1419 469
2 0.034122316442741774 1212 435 1393 670
2 0.013504096554238787 1212 435 1393 670
2 0.02665520389521392 1212 435 1393 670
2 0.04669008396662644 1204 1102 1396 1311
2 0.013387887115431596 1204 1102 1396 1311
2 0.013218025603208394 1204 1102 1396 1311
2 0.04962858916620849 615 1075 818 1329
2 0.009957611708983682 615 1075 818 1329
2 0.013591064446338619 615 1075 818 1329
2 0.03138334117913022 1502 214 1723 444
2 0.016520591765854964 1502 214 1723 444
2 0.02419251279572121 1502 214 1723 444
2 0.03241555112153627 1204 667 1400 887
2 0.01832090298313238 1204 667 1400 887
2 0.020670903391573736 1204 667 1400 887
2 0.03906198055523591 332 857 542 1117
2 0.01586115454512682 332 857 542 1117
2 0.016405127029905486 332 857 542 1117
2 0.04231728613173047 916 1058 1114 1330
2 0.008065012828474272 916 1058 1114 1330
2 0.012155443817329248 916 1058 1114 1330
2 0.029129040064541867 1479 647 1714 873
2 0.015366224363892012 1479 647 1714 873
2 0.01679599800695819 1479 647 1714 873
3 0.02348599077955482 1788 856 1985 1125
3 0.015132314167413563 1788 856 1985 1125
3 0.02213046024592069 1788 856 1985 1125
2 0.027301299516568345 1497 857 1713 1114
2 0.016890411020712537 1497 857 1713 1114
2 0.015571858847532427 1497 857 1713 1114
2 0.030769023360780245 1511 1090 1719 1328
2 0.014170854865700466 1511 1090 1719 1328
2 0.014480393596027374 1511 1090 1719 1328
2 0.02631380975867792 625 185 819 475
2 0.010252273144281787 625 185 819 475
2 0.020236060861727356 625 185 819 475
2 0.020680094605264765 1810 1080 2032 1331
2 0.017014028780938162 1810 1080 2032 1331
2 0.017488888652266388 1810 1080 2032 1331
2 0.03439625554314474 607 877 834 1109
2 0.008178403718027971 607 877 834 1109
2 0.012287159882772791 607 877 834 1109
2 0.026090186751231315 922 1318 1123 1567
2 0.016502018037116706 922 1318 1123 1567
2 0.011515609432619645 922 1318 1123 1567
2 0.028297327602722078 1204 846 1395 1122
2 0.008500995190240945 1204 846 1395 1122
2 0.013982767019554143 1204 846 1395 1122
1 0.01764825996844188 1334 931 1858 1900
1 0.014905352352266421 1334 931 1858 1900
1 0.013010670364809962 1334 931 1858 1900
2 0.01654642273500162 1780 201 2001 450
2 0.011976089992555394 1780 201 2001 450
2 0.016290850681087043 1780 201 2001 450
2 0.019384307507102183 45 1065 246 1349
2 0.011646758541279167 45 1065 246 1349
2 0.013663697960580645 45 1065 246 1349
1 0.015828782758965154 231 -109 662 766
1 0.013283581945221168 231 -109 662 766
1 0.014955134905626721 231 -109 662 766
3 0.016760351802406204 1788 427 1984 655
3 0.011487148009762027 1788 427 1984 655
3 0.014128446005539086 1788 427 1984 655
2 0.016375745059956204 741 794 1286 2063
2 0.013054925277233842 741 794 1286 2063
2 0.011151741863451914 741 794 1286 2063
2 0.018313041064682567 623 1296 831 1555
2 0.011781738232639283 623 1296 831 1555
2 0.00996145679095406 623 1296 831 1555
2 0.021745913293147012 1207 1318 1402 1555
2 0.011839226621153998 1207 1318 1402 1555
2 0.005510784555406101 1207 1318 1402 1555
3 0.013398693710868659 1810 623 1998 890
3 0.011445290948564835 1810 623 1998 890
3 0.013383241925716272 1810 623 1998 890
2 0.016137356037300044 52 614 266 929
2 0.008016090136442666 52 614 266 929
2 0.012561872437978017 52 614 266 929
2 0.013236091326357169 1799 1318 2005 1550
2 0.010661454193637177 1799 1318 2005 1550
2 0.012171937044931802 1799 1318 2005 1550
2 0.01334586366469448 1216 -29 1428 236
2 0.007212110230712332 1216 -29 1428 236
2 0.012531995411777408 1216 -29 1428 236
3 0.00968169503137667 61 203 253 467
3 0.006720325799143334 61 203 253 467
3 0.009669744006878145 61 203 253 467
2 0.011324597583448948 907 -2 1131 222
2 0.006555533186922147 907 -2 1131 222
2 0.008101448979856207 907 -2 1131 222
2 0.007884587049627356 1501 -29 1712 248
2 0.007669606212001412 1501 -29 1712 248
2 0.009274585298083005 612 -18 844 233
2 0.006784480458976727 612 -18 844 233
3 0.005476844340889908 1801 -28 1993 230
3 0.005169967353070737 1801 -28 1993 230
