2 0.05673216332975706 1221 1080 1409 1318
2 0.019084483958307974 1221 1080 1409 1318
2 0.01841057449213901 1221 1080 1409 1318
3 0.03571439025365786 632 420 813 683
3 0.022580210788089472 632 420 813 683
3 0.033257157307194474 632 420 813 683
2 0.04232316335073616 918 410 1111 716
2 0.016465846202362133 918 410 1111 716
2 0.031848152774668126 918 410 1111 716
3 0.04510940454727064 1126 228 1512 883
3 0.024932791401327536 1126 228 1512 883
3 0.020399943388964892 1126 228 1512 883
2 0.05002136102001842 613 1086 836 1329
2 0.017308269026238055 613 1086 836 1329
2 0.02170340605113541 613 1086 836 1329
2 0.04260159355408599 329 626 543 919
2 0.02011195674011179 329 626 543 919
2 0.02568595944566332 329 626 543 919
2 0.0390045080696626 921 668 1103 879
2 0.021609092798249296 921 668 1103 879
2 0.02553166602261392 921 668 1103 879
2 0.038675875400217885 927 216 1117 435
2 0.015747883514478422 927 216 1117 435
2 0.02761622572637945 927 216 1117 435
2 0.040062012196214525 344 1076 552 1339
2 0.02196891215109531 344 1076 552 1339
2 0.018296557881080755 344 1076 552 1339
3 0.028755646575566507 433 268 1024 1277
3 0.02692674420808605 433 268 1024 1277
3 0.02333646282114099 433 268 1024 1277
2 0.035934618809565055 620 653 840 889
2 0.018551842735377244 620 653 840 889
2 0.02377606243791819 620 653 840 889
2 0.041276427192428855 1498 1099 1719 1326
2 0.01755595116475206 1498 1099 1719 1326
2 0.01711919674396256 1498 1099 1719 1326
3 0.038106443821401825 1413 52 1797 618
3 0.01811157467272473 1413 52 1797 618
3 0.018513031200559027 1413 52 1797 618
2 0.04384963765227212 614 845 824 1114
2 0.011578766703710386 614 845 824 1114
2 0.018682697446870122 614 845 824 1114
2 0.04110769652848845 889 1084 1125 1344
2 0.013800858893837642 889 1084 1125 1344
2 0.015156136178929636 889 1084 1125 1344
1 0.02733148251165929 1341 689 1869 1707
1 0.02358175956431241 1341 689 1869 1707
1 0.018561052705713177 1341 689 1869 1707
3 0.024032998739176303 1520 632 1718 881
3 0.020038373564346124 1520 632 1718 881
3 0.023616032815199084 1520 632 1718 881
2 0.030714915417791033 1492 863 1706 1090
2 0.016315823255733775 1492 863 1706 1090
2 0.015130686465144594 1492 863 1706 1090
2 0.021757917324964904 1798 1086 2036 1340
2 0.015203164547595849 1798 1086 2036 1340
2 0.02144680023397827 1798 1086 2036 1340
2 0.02016860756933969 1779 851 1993 1115
2 0.016991118686701334 1779 851 1993 1115
2 0.019174502746381883 1779 851 1993 1115
2 0.029987381962688353 1200 870 1404 1090
2 0.0092718963590116 1200 870 1404 1090
2 0.009675725986151296 1200 870 1404 1090
3 0.019382623531890797 624 204 810 454
3 0.009463780518252474 624 204 810 454
3 0.019295357129370583 624 204 810 454
2 0.020904185474013293 588 1311 856 1562
2 0.015837284230296733 588 1311 856 1562
2 0.011259827113946352 588 1311 856 1562
3 0.02642529164603613 272 69 602 614
3 0.009981902545248 272 69 602 614
3 0.011043744743506612 272 69 602 614
2 0.021362527051003832 1196 1295 1414 1577
2 0.015994132448988063 1196 1295 1414 1577
2 0.009934569500957058 1196 1295 1414 1577
2 0.027764793077753147 895 880 1106 1124
2 0.007632796412653908 895 880 1106 1124
2 0.010766230927769294 895 880 1106 1124
2 0.015907492427896353 1780 1317 2017 1546
2 0.01545886340462288 1780 1317 2017 1546
2 0.01372531179254044 1780 1317 2017 1546
3 0.018508730918671557 1803 446 1990 646
3 0.011355018988585264 1803 446 1990 646
3 0.015049820082139176 1803 446 1990 646
2 0.017156258962237603 1783 637 1998 890
2 0.011810243515003593 1783 637 1998 890
2 0.015575882252811257 1783 637 1998 890
3 0.017097055212057732 1790 213 1979 443
3 0.011153315727680635 1790 213 1979 443
3 0.014953073636627678 1790 213 1979 443
2 0.016096450761585834 729 897 1337 1960
2 0.013287534973006943 729 897 1337 1960
2 0.01280875276862492 729 897 1337 1960
2 0.021309581400007938 929 1295 1116 1559
2 0.011362772592479642 929 1295 1116 1559
2 0.00928242661727563 929 1295 1116 1559
3 0.015056979767227863 -23 713 293 1270
3 0.012938720570139783 -23 713 293 1270
3 0.012766556493563064 -23 713 293 1270
2 0.018167542208337828 929 -33 1138 237
2 0.008545168259672109 929 -33 1138 237
2 0.012594118178657077 929 -33 1138 237
2 0.012965514237679443 1203 -24 1436 236
2 0.008143800449680327 1203 -24 1436 236
2 0.011207279665463865 1203 -24 1436 236
2 0.015355367845856227 622 -27 833 235
2 0.006429089427110735 622 -27 833 235
2 0.010103171340261063 622 -27 833 235
2 0.010663009749763974 331 1297 550 1567
2 0.010553291021204891 331 1297 550 1567
2 0.009977192163138915 331 1297 550 1567
3 0.010739020977337255 45 417 257 687
3 0.00830477596570356 45 417 257 687
3 0.010477386116209964 45 417 257 687
2 0.009108686095033791 55 197 244 464
2 0.005963860365707008 55 197 244 464
2 0.008419231481333778 55 197 244 464
2 0.006213372431310982 33 1296 246 1551
3 0.005148544583874898 1802 -17 1995 239
3 0.005106962059314574 1802 -17 1995 239
