2 0.04091662457756051 641 404 808 701
2 0.03591655228078805 641 404 808 701
2 0.03897351049093167 641 404 808 701
2 0.04885614021913742 1474 422 1717 678
2 0.021854085077894547 1474 422 1717 678
2 0.03959239105175261 1474 422 1717 678
3 0.04172023595236052 1135 239 1503 854
3 0.029236474339959795 1135 239 1503 854
3 0.02785079597093576 1135 239 1503 854
2 0.038768793422935044 932 205 1124 446
2 0.01865591068429784 932 205 1124 446
2 0.03353590146998853 932 205 1124 446
2 0.04740388902009007 606 867 825 1093
2 0.020054477548511196 606 867 825 1093
2 0.020789253000700336 606 867 825 1093
3 0.03448980928980849 1501 218 1699 456
3 0.02022734738668741 1501 218 1699 456
3 0.031743855792407905 1501 218 1699 456
2 0.040979061499953895 1501 1078 1723 1331
2 0.023307742363788853 1501 1078 1723 1331
2 0.021211743906361824 1501 1078 1723 1331
2 0.03686004653041253 934 432 1114 689
2 0.015480653805616251 934 432 1114 689
2 0.03157313751663282 934 432 1114 689
2 0.04661289315060202 609 1089 833 1341
2 0.01588270384344692 609 1089 833 1341
2 0.02019666229814021 609 1089 833 1341
1 0.030346559391465355 1323 650 1893 1760
1 0.028687072823145865 1323 650 1893 1760
1 0.022131783395302307 1323 650 1893 1760
2 0.04159691585715386 926 662 1100 894
2 0.01855666713246884 926 662 1100 894
2 0.02095544541939498 926 662 1100 894
2 0.048367662974611925 1206 1082 1394 1325
2 0.016438101202426614 1206 1082 1394 1325
2 0.014141770117461316 1206 1082 1394 1325
2 0.04659211618395043 890 1078 1116 1335
2 0.014201888928289885 890 1078 1116 1335
2 0.018123386485984327 890 1078 1116 1335
2 0.0366603372391463 628 654 837 903
2 0.015268650522546778 628 654 837 903
2 0.02422700260047428 628 654 837 903
1 0.029170746027938677 432 103 1028 986
1 0.019191524405691496 432 103 1028 986
1 0.027134935092172796 432 103 1028 986
2 0.030493596814206825 1492 862 1717 1093
2 0.023186385416074984 1492 862 1717 1093
2 0.021303733780765555 1492 862 1717 1093
2 0.028419738021139063 1501 635 1703 866
2 0.020952310033226063 1501 635 1703 866
2 0.024561452060701372 1501 635 1703 866
2 0.037177300909066346 332 1067 552 1344
2 0.017277754046656546 332 1067 552 1344
2 0.01622925242108364 332 1067 552 1344
2 0.030206933518643897 311 650 535 910
2 0.017737091236271763 311 650 535 910
2 0.021492627624219995 311 650 535 910
2 0.04120471271172166 908 867 1092 1112
2 0.012231691342571516 908 867 1092 1112
2 0.013042972403645714 908 867 1092 1112
2 0.031044050748686436 945 1304 1115 1550
2 0.016299392837558768 945 1304 1115 1550
2 0.014369734124526357 945 1304 1115 1550
2 0.024702765458930465 1804 1090 2022 1326
2 0.015529169525191677 1804 1090 2022 1326
2 0.021252927134837285 1804 1090 2022 1326
3 0.02843098614541617 1746 303 2058 833
3 0.01690866888211584 1746 303 2058 833
3 0.01582546915040073 1746 303 2058 833
2 0.03699214120569261 1181 874 1407 1102
2 0.010410282345821475 1181 874 1407 1102
2 0.01098382666363995 1181 874 1407 1102
1 0.022020016588951252 116 656 768 1771
1 0.015745446378063077 116 656 768 1771
1 0.018743439850419374 116 656 768 1771
2 0.01972448925959369 1484 1285 1699 1575
2 0.01927086454195437 1484 1285 1699 1575
2 0.013569025026262227 1484 1285 1699 1575
2 0.02075022585773123 1765 861 2027 1106
2 0.01420618875222246 1765 861 2027 1106
2 0.01641264149566002 1765 861 2027 1106
1 0.02028347093699523 756 631 1308 1789
1 0.013558440211648093 756 631 1308 1789
1 0.015002160363457584 756 631 1308 1789
1 0.016276710505727765 1786 1311 2023 1545
1 0.016034467001427855 1786 1311 2023 1545
1 0.012339254215246953 1786 1311 2023 1545
2 0.02073517205485431 1199 1305 1419 1570
2 0.01482728900198016 1199 1305 1419 1570
2 0.00880643425425598 1199 1305 1419 1570
3 0.015648720253216064 336 210 538 467
3 0.00926223077320687 336 210 538 467
3 0.014421868385713688 336 210 538 467
2 0.016329394589744695 43 1055 261 1341
2 0.009428015025936987 43 1055 261 1341
2 0.012419883747193494 43 1055 261 1341
2 0.016832567071886406 594 1290 842 1573
2 0.011281364247807346 594 1290 842 1573
2 0.008660237785982516 594 1290 842 1573
2 0.015705060205084664 57 640 247 927
2 0.009139839834422903 57 640 247 927
2 0.011877176249015964 57 640 247 927
2 0.01387052090456864 1210 -22 1422 232
2 0.009087988185418894 1210 -22 1422 232
2 0.01296379577639506 1210 -22 1422 232
2 0.012487289759525844 323 1292 528 1575
2 0.010709629554582545 323 1292 528 1575
2 0.011158667919328069 323 1292 528 1575
2 0.013133963304633678 914 -32 1120 237
2 0.008204401071702394 914 -32 1120 237
2 0.011542403313595795 914 -32 1120 237
2 0.012613388368491796 40 418 235 690
2 0.00921086457460174 40 418 235 690
2 0.01060798849268696 40 418 235 690
2 0.010785277110231806 1510 -35 1713 241
2 0.006938851474448893 1510 -35 1713 241
2 0.01043686628777013 1510 -35 1713 241
2 0.01080830849910508 637 -18 836 236
2 0.0056716643160827085 637 -18 836 236
2 0.007716224313278064 637 -18 836 236
3 0.008518004978102178 1697 -163 2103 373
3 0.006777248455567819 1697 -163 2103 373
2 0.008245740703153703 343 -31 555 239
2 0.005633101550122088 343 -31 555 239
1 0.006388927795527466 -188 -211 470 886
1 0.005023370020192264 -188 -211 470 886
2 0.0051747660225711645 33 1297 248 1546
