2 0.05517831238953619 630 409 821 689
2 0.028555893759358852 630 409 821 689
2 0.043737127331194614 630 409 821 689
2 0.039843069801422715 1210 404 1402 695
2 0.023959620433068318 1210 404 1402 695
2 0.03501061258046945 1210 404 1402 695
2 0.04017955395465611 325 673 559 888
2 0.023627197449737736 325 673 559 888
2 0.029915750366906746 325 673 559 888
3 0.03507574651290146 857 238 1220 864
3 0.029476488354618358 857 238 1220 864
3 0.025431891521506822 857 238 1220 864
1 0.03374058069678654 1215 24 1998 1109
1 0.025731421168413426 1215 24 1998 1109
1 0.027009241506763537 1215 24 1998 1109
2 0.03433099575341014 1500 211 1697 457
2 0.017098132027209 1500 211 1697 457
2 0.03126120181116665 1500 211 1697 457
2 0.05256333721508355 631 1068 807 1337
2 0.012927382789946762 631 1068 807 1337
2 0.01561868697612212 631 1068 807 1337
2 0.04372014725544382 330 849 524 1110
2 0.01603702049076583 330 849 524 1110
2 0.02124962621461801 330 849 524 1110
3 0.03188116557163223 1506 436 1721 660
3 0.016591286884886314 1506 436 1721 660
3 0.030870706116832736 1506 436 1721 660
1 0.03338469425296475 115 257 768 1270
1 0.01865540898890128 115 257 768 1270
1 0.025933426454598507 115 257 768 1270
2 0.04824789732672485 1206 840 1408 1119
2 0.009904795018710999 1206 840 1408 1119
2 0.014174327594195901 1206 840 1408 1119
2 0.030513669226177598 323 426 563 678
2 0.014835841712801945 323 426 563 678
2 0.026148829853999134 323 426 563 678
2 0.02786315708358833 1486 629 1716 895
2 0.015013864867780446 1486 629 1716 895
2 0.022951283568973135 1486 629 1716 895
2 0.027142958720784982 1803 1074 2022 1338
2 0.016475585421094507 1803 1074 2022 1338
2 0.022036910851368496 1803 1074 2022 1338
2 0.03909867850597948 325 1082 563 1351
2 0.011578983836443513 325 1082 563 1351
2 0.012432689220077009 325 1082 563 1351
2 0.03421803169643356 1490 1082 1717 1344
2 0.013170985499040277 1490 1082 1717 1344
2 0.012371679990519358 1490 1082 1717 1344
2 0.024502175361427958 1784 851 2002 1116
2 0.0156325843526387 1784 851 2002 1116
2 0.01930968463103666 1784 851 2002 1116
2 0.030282127920497004 936 1318 1127 1565
2 0.013970355047052019 936 1318 1127 1565
2 0.010729021935521277 936 1318 1127 1565
2 0.024294454466083693 38 852 255 1118
2 0.011103881193895049 38 852 255 1118
2 0.015981050012792153 38 852 255 1118
2 0.03461619224428247 1207 1076 1369 1348
2 0.008512793453119505 1207 1076 1369 1348
2 0.00807440082403832 1207 1076 1369 1348
2 0.034434477369313043 904 887 1106 1130
2 0.00674595763372654 904 887 1106 1130
2 0.009852881518804146 904 887 1106 1130
2 0.022658630241304767 1492 852 1704 1105
2 0.010861894528885085 1492 852 1704 1105
2 0.014092478299166267 1492 852 1704 1105
2 0.020162542976635223 331 222 536 457
2 0.011254331756482827 331 222 536 457
2 0.015882034205333184 331 222 536 457
3 0.019576627095083454 1776 197 2002 455
3 0.011288661136980016 1776 197 2002 455
3 0.0159867714302786 1776 197 2002 455
2 0.015922627138258427 699 848 1376 2001
2 0.015259051679321622 699 848 1376 2001
2 0.0141442249162127 699 848 1376 2001
2 0.015522614427319614 1804 633 1983 890
2 0.01267798997193803 1804 633 1983 890
2 0.014998343751584153 1804 633 1983 890
3 0.015321849267139531 1796 439 1990 650
3 0.011669319589781013 1796 439 1990 650
3 0.012568592889016239 1796 439 1990 650
2 0.016728446997457125 1498 1316 1720 1573
2 0.013297237352333235 1498 1316 1720 1573
2 0.008414508197065462 1498 1316 1720 1573
2 0.017698552167309423 1213 1311 1408 1562
2 0.012168000715754523 1213 1311 1408 1562
2 0.006115018700777464 1213 1311 1408 1562
2 0.012781464533310416 1790 1313 1996 1542
2 0.012127136365618907 1790 1313 1996 1542
2 0.00958497583632878 1790 1313 1996 1542
3 0.012387677908463846 478 -379 1012 597
3 0.01116947828520587 478 -379 1012 597
3 0.00926086594367348 478 -379 1012 597
2 0.015895132540615364 636 1288 838 1567
2 0.007294759007924756 636 1288 838 1567
2 0.007390066106830739 636 1288 838 1567
2 0.012048237894249358 39 637 246 898
2 0.007219661126805776 39 637 246 898
2 0.009935453871493527 39 637 246 898
3 0.01127873695856696 1533 881 2267 1979
3 0.010235153753684945 1533 881 2267 1979
3 0.007609995712762996 1533 881 2267 1979
2 0.011671114297116258 1211 -34 1431 246
2 0.007014346592951748 1211 -34 1431 246
2 0.010413257472940418 1211 -34 1431 246
2 0.011913009242896122 919 -24 1119 230
2 0.0067085609344227914 919 -24 1119 230
2 0.009264691986200946 919 -24 1119 230
2 0.010492705826888438 48 404 249 685
2 0.007045464399970169 48 404 249 685
2 0.010218392229630002 48 404 249 685
2 0.010356377620740376 1498 -14 1717 231
2 0.006184497103022241 1498 -14 1717 231
2 0.008448111082448528 1498 -14 1717 231
2 0.007368011730807311 33 1292 258 1556
2 0.006720507690789246 33 1292 258 1556
2 0.006178197878222436 33 1292 258 1556
2 0.007941452515233816 324 -28 555 247
2 0.006984841136918607 324 -28 555 247
2 0.005840462219499298 1788 -23 2007 234
2 0.0053783644262794805 1788 -23 2007 234
3 0.005035265269677569 -38 -179 317 395
