2 0.04779367702138959 642 412 836 674
2 0.03201891784761113 642 412 836 674
2 0.04727056877736446 642 412 836 674
3 0.04850973966952221 1105 302 1522 798
3 0.03324868905613121 1105 302 1522 798
3 0.028117139433236904 1105 302 1522 798
2 0.05562166009555147 914 404 1124 711
2 0.018386281099744828 914 404 1124 711
2 0.034014723052971485 914 404 1124 711
2 0.057269520146792985 608 839 805 1141
2 0.018373538416567525 608 839 805 1141
2 0.02488790705496724 608 839 805 1141
1 0.03848150411770712 425 36 1050 1034
1 0.024703485077458454 425 36 1050 1034
1 0.03662401965011841 425 36 1050 1034
2 0.04815814475994795 332 1076 556 1355
2 0.02430643075164518 332 1076 556 1355
2 0.023343140738826484 332 1076 556 1355
2 0.03905600638824591 325 637 548 906
2 0.02283035514186782 325 637 548 906
2 0.028104763636037866 325 637 548 906
2 0.03314696652694238 1496 413 1704 666
2 0.022180424330215942 1496 413 1704 666
2 0.031219742870298717 1496 413 1704 666
1 0.030500835687119476 122 706 765 1730
1 0.028496683787098576 122 706 765 1730
1 0.02616923794052539 122 706 765 1730
2 0.03679345607196627 1508 633 1718 867
2 0.019828645072557993 1508 633 1718 867
2 0.025880432798087494 1508 633 1718 867
2 0.04515970634570543 1202 872 1406 1122
2 0.014601474922897317 1202 872 1406 1122
2 0.016551986541837316 1202 872 1406 1122
2 0.036498546924392805 1531 1077 1722 1328
2 0.018421348216847266 1531 1077 1722 1328
2 0.020911899237395115 1531 1077 1722 1328
3 0.0299637314854313 612 190 839 457
3 0.017093767887783495 612 190 839 457
3 0.028133457898433578 612 190 839 457
2 0.04066702650180076 896 1062 1124 1352
2 0.01673520513195559 896 1062 1124 1352
2 0.01503956871557155 896 1062 1124 1352
2 0.028593008186124536 1509 871 1713 1103
2 0.02074679939864499 1509 871 1713 1103
2 0.020695545718186104 1509 871 1713 1103
2 0.02605608061635767 1261 703 1944 1701
2 0.01932846427004309 1261 703 1944 1701
2 0.01748171450170366 1261 703 1944 1701
3 0.026838919699475827 1711 297 2073 819
3 0.016200955450039967 1711 297 2073 819
3 0.017557738304349257 1711 297 2073 819
2 0.020503867437504653 1800 1087 2021 1329
2 0.01929795433700754 1800 1087 2021 1329
2 0.018560365919864097 1800 1087 2021 1329
2 0.01990381437436617 1499 1309 1702 1551
2 0.019520570003503157 1499 1309 1702 1551
2 0.014207790907713624 1499 1309 1702 1551
2 0.020120596991642925 1801 867 2026 1108
2 0.013101222533324464 1801 867 2026 1108
2 0.01743675666550426 1801 867 2026 1108
3 0.020354590601527667 328 214 542 464
3 0.011945945170350636 328 214 542 464
3 0.018011483386247584 328 214 542 464
1 0.01797422707391838 680 864 1365 1993
1 0.016526102429553657 680 864 1365 1993
1 0.015644252746919163 680 864 1365 1993
2 0.02161529299292808 1202 1286 1413 1568
2 0.016622743382350702 1202 1286 1413 1568
2 0.010403282493080535 1202 1286 1413 1568
3 0.018499580543128058 827 -162 1242 369
3 0.009819845968450869 827 -162 1242 369
3 0.016135102707474314 827 -162 1242 369
2 0.017482326573214024 41 1081 245 1335
2 0.011725867739939666 41 1081 245 1335
2 0.013821205977657236 41 1081 245 1335
2 0.017974875208524033 640 1282 846 1576
2 0.01551414502418158 640 1282 846 1576
2 0.009418900669789565 640 1282 846 1576
2 0.015440056088211307 1211 -26 1420 238
2 0.008755968828392247 1211 -26 1420 238
2 0.011802250303893258 1211 -26 1420 238
2 0.014751949723667224 34 637 261 906
2 0.008272968414079429 34 637 261 906
2 0.011303242486270904 34 637 261 906
3 0.013864576272441087 1414 -183 1815 404
3 0.008021229647718342 1414 -183 1815 404
3 0.010219560753746193 1414 -183 1815 404
2 0.012277094086730056 1783 1308 1997 1541
2 0.010298976552007844 1783 1308 1997 1541
2 0.009427424249701999 1783 1308 1997 1541
2 0.010612690337870379 339 -22 552 237
2 0.007078605896267187 339 -22 552 237
2 0.01014275598584935 339 -22 552 237
2 0.01149707989576254 635 -18 824 224
2 0.005879212953762147 635 -18 824 224
2 0.008992913757817078 635 -18 824 224
2 0.009864303857246182 44 416 244 676
2 0.006307463008860703 44 416 244 676
2 0.008628595938435957 44 416 244 676
1 0.00749852895765013 -201 -177 480 837
1 0.0062536976377577935 -201 -177 480 837
1 0.007058876066744213 -201 -177 480 837
2 0.007707278451690613 40 196 241 460
2 0.007699365065583608 40 196 241 460
2 0.005703227231835917 27 1293 261 1548
2 0.0053037721853129716 27 1293 261 1548
2 0.005018512597671332 1791 -19 2001 236
